0	0	6
0	0	15
0	0	26
0	1	7
0	1	8
0	1	15
0	1	17
0	2	4
0	3	64
0	3	4
0	3	8
0	4	7
0	4	8
0	4	34
0	4	109
0	4	126
0	5	101
0	6	40
0	7	17
0	7	139
0	8	53
0	8	32
0	8	7
0	8	11
0	8	34
0	8	17
0	8	20
0	8	24
0	9	133
0	10	0
0	10	13
0	10	24
0	11	53
0	11	20
0	12	8
0	12	15
0	12	17
0	13	30
0	13	17
0	14	30
0	15	21
0	16	7
0	16	13
0	17	7
0	17	8
0	17	10
0	18	4
0	18	6
0	19	13
0	19	15
0	20	140
0	21	10
0	21	15
0	21	48
0	22	64
0	22	3
0	22	4
0	22	8
0	23	28
0	23	8
0	23	18
0	24	0
0	24	2
0	24	41
0	24	30
0	24	39
0	24	4
0	24	6
0	24	8
0	24	9
0	24	43
0	24	34
0	24	68
0	24	13
0	24	44
0	24	15
0	24	51
0	24	23
0	25	26
0	26	23
0	27	24
1	0	2
1	0	6
1	0	24
1	0	26
1	1	3
1	1	7
1	1	24
1	28	4
1	2	4
1	29	24
1	30	15
1	31	4
1	31	17
1	3	4
1	4	0
1	4	1
1	4	3
1	4	7
1	4	8
1	4	17
1	4	24
1	32	7
1	6	7
1	6	40
1	7	1
1	7	32
1	7	141
1	8	2
1	8	30
1	8	3
1	8	34
1	8	12
1	8	44
1	8	15
1	8	126
1	8	24
1	8	26
1	33	24
1	10	0
1	10	8
1	10	13
1	10	24
1	34	8
1	13	1
1	13	17
1	35	30
1	36	26
1	37	85
1	16	7
1	16	13
1	16	24
1	17	1
1	17	3
1	17	8
1	17	10
1	18	4
1	18	6
1	19	13
1	21	15
1	24	0
1	24	2
1	24	30
1	24	6
1	24	7
1	24	8
1	24	9
1	24	44
1	24	21
1	24	48
1	24	25
2	38	28
2	0	2
2	0	6
2	0	10
2	0	24
2	0	26
2	1	7
2	1	8
2	1	45
2	28	4
2	28	7
2	2	4
2	2	24
2	39	2
2	4	1
2	4	3
2	4	32
2	4	7
2	4	8
2	4	17
2	4	61
2	4	24
2	5	2
2	32	28
2	32	31
2	32	45
2	32	90
2	6	40
2	7	0
2	7	1
2	7	4
2	7	8
2	7	24
2	8	2
2	8	32
2	8	11
2	8	13
2	8	37
2	8	17
2	8	18
2	8	108
2	8	126
2	8	24
2	8	26
2	10	0
2	10	13
2	12	64
2	12	2
2	12	7
2	13	44
2	13	48
2	35	40
2	36	24
2	36	26
2	14	30
2	16	7
2	16	13
2	16	24
2	17	1
2	17	30
2	17	3
2	17	32
2	17	8
2	17	12
2	18	4
2	18	6
2	19	0
2	19	13
2	40	35
2	21	30
2	24	0
2	24	28
2	24	2
2	24	30
2	24	39
2	24	6
2	24	7
2	24	8
2	24	9
2	24	11
2	24	68
2	24	13
2	24	44
2	24	54
2	24	15
2	24	17
2	24	20
2	24	21
2	24	48
2	25	4
2	26	1
2	26	2
2	26	6
3	0	2
3	0	30
3	0	95
3	0	6
3	0	24
3	0	26
3	0	27
3	1	29
3	1	32
3	1	7
3	1	17
3	28	4
3	2	30
3	2	4
3	2	26
3	41	48
3	29	6
3	29	24
3	30	44
3	42	2
3	42	24
3	39	8
3	31	32
3	4	64
3	4	1
3	4	53
3	4	129
3	4	7
3	4	8
3	4	12
3	4	17
3	4	61
3	4	24
3	32	45
3	32	90
3	32	25
3	6	40
3	7	1
3	7	142
3	8	32
3	8	34
3	8	111
3	8	143
3	8	48
3	8	24
3	8	26
3	9	133
3	43	30
3	33	2
3	10	0
3	10	30
3	10	13
3	10	44
3	10	17
3	34	8
3	12	8
3	12	81
3	13	108
3	13	24
3	35	40
3	44	19
3	45	18
3	36	24
3	36	26
3	14	30
3	15	21
3	16	7
3	16	13
3	16	24
3	17	3
3	17	4
3	17	10
3	17	44
3	17	90
3	17	40
3	18	6
3	19	0
3	19	13
3	46	0
3	46	2
3	47	25
3	40	8
3	21	43
3	21	15
3	22	64
3	23	6
3	23	75
3	48	8
3	24	0
3	24	64
3	24	1
3	24	144
3	24	2
3	24	30
3	24	39
3	24	4
3	24	5
3	24	6
3	24	7
3	24	8
3	24	33
3	24	68
3	24	12
3	24	44
3	24	54
3	24	20
3	24	21
3	24	48
3	24	25
3	24	26
3	26	2
4	0	6
4	0	26
4	1	2
4	1	7
4	1	17
4	49	108
4	28	6
4	28	24
4	2	30
4	2	8
4	2	62
4	2	24
4	41	48
4	30	0
4	30	50
4	42	24
4	31	11
4	3	22
4	4	64
4	4	1
4	4	32
4	4	7
4	4	17
4	32	0
4	32	95
4	32	45
4	6	40
4	6	24
4	7	1
4	7	42
4	7	72
4	7	17
4	8	2
4	8	30
4	8	4
4	8	32
4	8	7
4	8	24
4	8	26
4	43	30
4	33	24
4	10	0
4	10	13
4	10	21
4	12	2
4	13	108
4	13	24
4	50	7
4	45	12
4	14	30
4	16	7
4	16	13
4	16	24
4	17	1
4	17	3
4	17	10
4	18	1
4	18	32
4	18	6
4	18	54
4	51	29
4	19	0
4	19	13
4	46	2
4	21	11
4	21	15
4	24	0
4	24	28
4	24	2
4	24	29
4	24	30
4	24	4
4	24	6
4	24	7
4	24	12
4	24	54
4	24	15
4	24	51
4	24	40
4	24	48
4	26	0
5	52	108
5	38	34
5	0	2
5	0	6
5	0	26
5	1	4
5	1	7
5	1	71
5	1	17
5	28	0
5	28	18
5	2	32
5	2	8
5	41	48
5	31	2
5	31	3
5	31	26
5	3	1
5	3	22
5	4	1
5	4	2
5	4	41
5	4	7
5	4	81
5	53	8
5	32	30
5	32	142
5	32	7
5	32	68
5	32	12
5	32	45
5	32	54
5	6	2
5	6	40
5	6	23
5	7	1
5	7	4
5	7	32
5	7	11
5	7	71
5	7	17
5	8	0
5	8	41
5	8	4
5	8	7
5	8	87
5	8	34
5	8	67
5	8	17
5	8	18
5	8	90
5	8	24
5	43	30
5	10	0
5	10	13
5	11	20
5	12	109
5	13	28
5	13	30
5	13	10
5	35	1
5	35	40
5	44	8
5	44	10
5	44	26
5	45	145
5	45	12
5	54	9
5	54	133
5	16	0
5	16	2
5	16	7
5	16	13
5	16	17
5	16	18
5	17	1
5	17	3
5	17	7
5	17	10
5	17	12
5	17	71
5	18	4
5	18	6
5	51	1
5	19	0
5	19	13
5	40	6
5	22	1
5	24	0
5	24	28
5	24	2
5	24	30
5	24	76
5	24	4
5	24	7
5	24	8
5	24	9
5	24	43
5	24	34
5	24	12
5	24	44
5	24	146
5	24	147
5	24	54
5	24	15
5	24	111
5	24	17
5	24	51
5	24	21
5	24	48
5	24	26
5	26	27
6	55	81
6	0	1
6	0	2
6	0	30
6	0	6
6	0	17
6	0	24
6	1	30
6	1	32
6	1	7
6	1	81
6	1	71
6	56	40
6	28	127
6	57	63
6	2	0
6	2	41
6	2	8
6	2	24
6	2	63
6	41	48
6	31	0
6	31	2
6	31	40
6	4	2
6	4	7
6	4	10
6	4	17
6	4	108
6	4	40
6	4	61
6	4	24
6	53	18
6	58	2
6	58	63
6	32	142
6	32	12
6	32	25
6	6	40
6	6	22
6	7	1
6	7	28
6	7	4
6	7	32
6	7	7
6	7	8
6	7	71
6	8	0
6	8	41
6	8	11
6	8	34
6	8	12
6	8	77
6	8	111
6	59	30
6	9	133
6	43	10
6	10	0
6	10	2
6	10	13
6	12	121
6	12	28
6	12	7
6	13	30
6	13	7
6	13	24
6	35	40
6	44	30
6	44	11
6	60	12
6	14	30
6	16	0
6	16	2
6	16	4
6	16	7
6	16	10
6	16	13
6	17	3
6	18	6
6	51	108
6	19	0
6	19	2
6	19	13
6	40	7
6	21	15
6	61	55
6	62	2
6	24	0
6	24	1
6	24	28
6	24	57
6	24	2
6	24	41
6	24	30
6	24	4
6	24	95
6	24	7
6	24	8
6	24	43
6	24	33
6	24	11
6	24	34
6	24	12
6	24	148
6	24	13
6	24	44
6	24	54
6	24	15
6	24	20
6	24	21
6	24	48
6	24	25
6	63	57
6	63	30
6	63	8
6	63	24
6	63	27
6	27	63
7	55	81
7	38	6
7	0	0
7	0	2
7	0	30
7	0	6
7	0	74
7	0	63
7	64	1
7	1	30
7	1	4
7	1	7
7	28	2
7	28	90
7	57	0
7	57	63
7	2	30
7	2	24
7	2	27
7	41	48
7	41	27
7	30	0
7	30	43
7	30	73
7	30	21
7	65	30
7	31	0
7	31	2
7	31	30
7	3	64
7	4	1
7	4	2
7	4	3
7	4	6
7	4	8
7	4	10
7	4	40
7	4	22
7	4	23
7	4	24
7	4	63
7	32	142
7	32	87
7	32	21
7	32	25
7	66	6
7	6	30
7	6	18
7	6	40
7	7	1
7	7	71
7	7	45
7	7	75
7	8	41
7	8	142
7	8	32
7	8	6
7	8	17
7	8	40
7	8	48
7	8	24
7	9	133
7	43	30
7	43	19
7	10	0
7	10	2
7	10	13
7	10	17
7	11	10
7	34	40
7	67	108
7	68	34
7	68	24
7	12	41
7	12	7
7	12	10
7	69	142
7	13	28
7	13	30
7	13	17
7	13	19
7	44	30
7	44	11
7	70	57
7	71	7
7	71	17
7	54	24
7	72	4
7	15	21
7	16	0
7	16	2
7	16	7
7	16	13
7	16	75
7	16	92
7	16	63
7	17	1
7	17	3
7	17	4
7	17	60
7	18	6
7	19	0
7	19	2
7	19	30
7	19	68
7	19	13
7	19	21
7	19	24
7	73	49
7	40	56
7	21	43
7	21	10
7	48	148
7	48	92
7	74	13
7	61	81
7	62	2
7	75	109
7	24	38
7	24	0
7	24	144
7	24	149
7	24	28
7	24	2
7	24	41
7	24	30
7	24	39
7	24	4
7	24	58
7	24	5
7	24	32
7	24	7
7	24	8
7	24	9
7	24	43
7	24	33
7	24	10
7	24	11
7	24	34
7	24	68
7	24	12
7	24	148
7	24	13
7	24	44
7	24	54
7	24	17
7	24	40
7	24	21
7	24	23
7	24	48
7	24	25
7	63	57
7	63	30
7	63	12
7	63	107
7	63	125
7	63	27
7	27	63
8	0	0
8	0	2
8	0	30
8	0	6
8	0	10
8	0	16
8	0	17
8	64	10
8	1	2
8	1	30
8	1	4
8	1	116
8	28	0
8	28	2
8	28	7
8	2	7
8	2	51
8	2	24
8	2	63
8	41	32
8	41	12
8	41	19
8	41	48
8	29	6
8	30	0
8	30	53
8	30	43
8	30	10
8	30	74
8	42	2
8	65	30
8	76	24
8	3	64
8	3	4
8	3	109
8	4	2
8	4	30
8	4	3
8	4	6
8	4	7
8	4	8
8	4	10
8	4	17
8	4	27
8	32	90
8	6	40
8	7	1
8	7	2
8	7	30
8	7	71
8	7	19
8	7	63
8	8	2
8	8	3
8	8	32
8	8	129
8	8	34
8	8	15
8	8	21
8	8	24
8	43	30
8	10	0
8	10	30
8	10	13
8	10	24
8	11	77
8	11	150
8	12	32
8	12	7
8	12	81
8	13	28
8	13	30
8	13	19
8	77	62
8	44	30
8	44	19
8	71	17
8	15	30
8	16	0
8	16	64
8	16	30
8	16	7
8	16	81
8	16	13
8	16	97
8	16	75
8	16	83
8	17	1
8	17	3
8	17	8
8	17	71
8	18	2
8	18	6
8	18	11
8	18	23
8	78	2
8	19	0
8	19	4
8	19	10
8	19	13
8	19	24
8	20	52
8	20	122
8	79	12
8	21	30
8	23	11
8	48	15
8	61	86
8	80	30
8	24	38
8	24	1
8	24	144
8	24	151
8	24	28
8	24	2
8	24	29
8	24	30
8	24	39
8	24	4
8	24	58
8	24	5
8	24	32
8	24	6
8	24	7
8	24	8
8	24	96
8	24	43
8	24	11
8	24	68
8	24	12
8	24	13
8	24	44
8	24	54
8	24	19
8	24	40
8	24	21
8	24	48
8	24	63
8	25	4
8	63	57
8	63	30
8	63	13
8	63	85
8	63	27
8	27	41
8	27	7
8	27	63
9	55	81
9	55	97
9	0	2
9	0	30
9	0	6
9	0	59
9	0	10
9	0	11
9	0	62
9	64	1
9	1	2
9	1	30
9	1	81
9	1	116
9	1	24
9	28	64
9	28	30
9	2	0
9	2	32
9	2	10
9	2	16
9	2	19
9	2	24
9	41	32
9	41	48
9	29	30
9	30	19
9	30	24
9	76	24
9	31	30
9	3	64
9	3	4
9	3	19
9	4	0
9	4	1
9	4	2
9	4	3
9	4	32
9	4	6
9	4	7
9	4	8
9	4	81
9	4	10
9	4	17
9	4	19
9	53	152
9	32	38
9	32	1
9	32	3
9	32	153
9	32	12
9	32	61
9	32	24
9	66	4
9	66	153
9	6	30
9	6	66
9	6	40
9	6	24
9	7	1
9	7	2
9	7	30
9	7	3
9	7	12
9	7	71
9	7	40
9	8	1
9	8	2
9	8	4
9	8	6
9	8	81
9	8	34
9	8	68
9	8	69
9	8	15
9	8	18
9	8	109
9	8	24
9	8	63
9	81	103
9	81	134
9	81	97
9	9	2
9	10	0
9	10	30
9	10	4
9	10	11
9	10	13
9	10	21
9	11	59
9	34	19
9	67	11
9	68	2
9	12	28
9	12	41
9	12	32
9	12	8
9	12	81
9	13	30
9	13	7
9	13	34
9	13	98
9	13	19
9	44	11
9	71	7
9	71	17
9	36	2
9	36	7
9	14	30
9	15	19
9	16	0
9	16	2
9	16	30
9	16	4
9	16	7
9	16	13
9	16	75
9	17	30
9	17	3
9	17	87
9	17	34
9	18	2
9	18	6
9	19	0
9	19	30
9	19	13
9	19	24
9	79	97
9	21	10
9	21	19
9	48	19
9	48	92
9	61	30
9	61	81
9	61	97
9	80	30
9	24	38
9	24	0
9	24	64
9	24	1
9	24	28
9	24	2
9	24	41
9	24	29
9	24	30
9	24	39
9	24	4
9	24	58
9	24	5
9	24	32
9	24	7
9	24	8
9	24	96
9	24	81
9	24	9
9	24	43
9	24	10
9	24	11
9	24	68
9	24	12
9	24	148
9	24	13
9	24	44
9	24	54
9	24	15
9	24	17
9	24	51
9	24	19
9	24	40
9	24	20
9	24	21
9	24	48
9	24	154
9	82	75
9	83	30
9	63	57
9	63	2
9	63	11
9	63	125
9	63	63
9	63	27
9	27	8
9	27	17
9	27	63
10	55	96
10	55	81
10	55	9
10	55	97
10	52	108
10	38	29
10	0	2
10	0	30
10	0	39
10	0	6
10	0	8
10	0	23
10	0	63
10	64	1
10	64	81
10	1	2
10	1	17
10	28	0
10	28	81
10	57	0
10	57	6
10	57	63
10	2	0
10	2	9
10	2	10
10	2	24
10	29	1
10	84	63
10	39	0
10	39	2
10	39	32
10	39	24
10	76	24
10	31	30
10	31	3
10	3	4
10	3	22
10	4	0
10	4	64
10	4	1
10	4	2
10	4	3
10	4	32
10	4	6
10	4	7
10	4	81
10	4	10
10	4	54
10	4	17
10	4	40
10	4	63
10	53	152
10	53	18
10	32	54
10	66	6
10	6	24
10	7	1
10	7	4
10	7	32
10	7	8
10	7	71
10	7	45
10	7	16
10	7	19
10	8	0
10	8	2
10	8	41
10	8	95
10	8	11
10	8	34
10	8	68
10	8	15
10	8	18
10	8	40
10	8	20
10	8	24
10	81	43
10	81	68
10	9	2
10	10	0
10	10	13
10	10	44
10	10	19
10	10	21
10	10	75
10	10	24
10	11	2
10	11	30
10	12	32
10	12	81
10	12	67
10	13	30
10	13	7
10	13	19
10	35	0
10	35	40
10	35	63
10	77	62
10	44	30
10	44	66
10	44	19
10	71	17
10	36	0
10	36	2
10	36	63
10	15	1
10	15	30
10	15	19
10	16	0
10	16	28
10	16	30
10	16	4
10	16	7
10	16	13
10	16	89
10	16	75
10	17	3
10	17	32
10	18	0
10	18	6
10	18	54
10	19	0
10	19	30
10	19	11
10	19	13
10	19	21
10	40	4
10	21	19
10	22	7
10	22	23
10	23	18
10	61	8
10	61	97
10	80	30
10	24	52
10	24	38
10	24	0
10	24	64
10	24	1
10	24	144
10	24	2
10	24	30
10	24	4
10	24	58
10	24	32
10	24	6
10	24	7
10	24	8
10	24	96
10	24	9
10	24	43
10	24	87
10	24	11
10	24	68
10	24	44
10	24	45
10	24	54
10	24	15
10	24	17
10	24	19
10	24	109
10	24	21
10	24	133
10	24	155
10	24	48
10	24	25
10	24	92
10	25	39
10	63	0
10	63	2
10	63	30
10	63	4
10	63	13
10	63	70
10	63	110
10	63	17
10	63	23
10	63	125
10	63	27
10	85	63
10	27	0
10	27	63
11	55	81
11	55	97
11	52	108
11	52	122
11	0	2
11	0	30
11	0	39
11	0	6
11	0	150
11	0	16
11	64	1
11	1	4
11	1	32
11	1	7
11	1	45
11	1	17
11	1	21
11	49	34
11	86	4
11	28	0
11	28	127
11	28	2
11	57	0
11	57	6
11	57	63
11	2	0
11	2	30
11	2	39
11	2	142
11	2	6
11	2	24
11	30	12
11	30	19
11	39	2
11	39	29
11	39	8
11	76	24
11	31	30
11	3	4
11	3	17
11	4	64
11	4	1
11	4	2
11	4	41
11	4	3
11	4	6
11	4	7
11	4	8
11	4	10
11	4	17
11	4	61
11	4	24
11	32	28
11	32	30
11	32	90
11	66	6
11	6	2
11	6	24
11	7	52
11	7	1
11	7	139
11	7	61
11	7	24
11	8	0
11	8	1
11	8	41
11	8	4
11	8	142
11	8	32
11	8	6
11	8	7
11	8	152
11	8	81
11	8	11
11	8	34
11	8	12
11	8	13
11	8	15
11	8	17
11	8	18
11	8	78
11	8	90
11	8	23
11	8	61
11	8	24
11	8	63
11	81	51
11	87	8
11	10	0
11	10	1
11	10	30
11	10	81
11	10	13
11	10	44
11	10	97
11	10	21
11	10	75
11	10	24
11	10	156
11	11	77
11	11	109
11	34	1
11	12	49
11	12	121
11	12	41
11	12	42
11	12	32
11	12	81
11	12	73
11	13	30
11	13	7
11	13	48
11	35	40
11	44	30
11	44	92
11	88	98
11	45	11
11	45	98
11	36	2
11	54	28
11	14	30
11	15	1
11	15	13
11	16	0
11	16	2
11	16	7
11	16	81
11	16	43
11	16	13
11	16	44
11	16	97
11	16	75
11	17	1
11	17	3
11	17	32
11	17	12
11	18	6
11	18	54
11	19	0
11	19	30
11	19	13
11	19	24
11	89	30
11	90	63
11	20	122
11	21	10
11	21	15
11	48	13
11	48	24
11	61	0
11	61	30
11	61	39
11	61	153
11	61	81
11	61	97
11	80	30
11	24	0
11	24	1
11	24	28
11	24	2
11	24	30
11	24	76
11	24	4
11	24	6
11	24	7
11	24	8
11	24	96
11	24	81
11	24	43
11	24	11
11	24	68
11	24	13
11	24	44
11	24	54
11	24	15
11	24	19
11	24	21
11	24	48
11	24	25
11	24	92
11	24	63
11	25	58
11	91	97
11	92	30
11	63	38
11	63	0
11	63	1
11	63	57
11	63	2
11	63	30
11	63	8
11	63	13
11	63	125
11	63	27
11	27	0
11	27	63
12	55	97
12	55	94
12	55	61
12	52	97
12	52	108
12	52	85
12	0	2
12	0	30
12	0	6
12	0	10
12	0	63
12	64	1
12	1	28
12	1	2
12	1	30
12	1	4
12	1	17
12	1	92
12	28	0
12	28	81
12	28	21
12	57	0
12	57	8
12	57	18
12	57	63
12	57	27
12	2	2
12	2	30
12	2	6
12	29	1
12	30	1
12	30	2
12	30	43
12	30	19
12	30	21
12	30	24
12	39	2
12	39	29
12	39	24
12	76	24
12	31	2
12	3	4
12	4	0
12	4	2
12	4	6
12	4	8
12	4	24
12	32	49
12	32	30
12	32	81
12	32	87
12	32	90
12	66	6
12	7	1
12	7	142
12	7	32
12	7	12
12	7	13
12	7	97
12	8	157
12	8	142
12	8	43
12	8	34
12	8	68
12	8	13
12	8	158
12	8	15
12	8	61
12	81	97
12	43	19
12	43	48
12	43	92
12	10	0
12	10	1
12	10	2
12	10	41
12	10	30
12	10	4
12	10	81
12	10	11
12	10	13
12	10	44
12	10	97
12	10	75
12	11	159
12	11	77
12	11	97
12	11	19
12	34	41
12	12	7
12	12	81
12	13	0
12	13	1
12	13	30
12	13	7
12	13	15
12	13	19
12	35	8
12	77	30
12	44	28
12	44	30
12	44	92
12	44	63
12	45	30
12	36	2
12	54	1
12	54	92
12	14	30
12	93	30
12	15	1
12	15	30
12	15	4
12	15	11
12	15	19
12	16	0
12	16	2
12	16	30
12	16	7
12	16	13
12	16	44
12	16	97
12	16	75
12	17	1
12	17	3
12	17	4
12	17	8
12	17	12
12	18	6
12	18	158
12	18	27
12	19	0
12	19	30
12	19	4
12	19	43
12	19	10
12	19	13
12	19	24
12	46	30
12	89	30
12	40	4
12	21	1
12	21	2
12	21	4
12	21	11
12	21	15
12	21	19
12	21	48
12	94	97
12	23	4
12	48	1
12	48	87
12	48	13
12	61	2
12	61	30
12	61	39
12	61	81
12	61	97
12	61	18
12	75	63
12	24	1
12	24	28
12	24	2
12	24	30
12	24	39
12	24	4
12	24	7
12	24	8
12	24	96
12	24	9
12	24	43
12	24	12
12	24	44
12	24	45
12	24	54
12	24	15
12	24	17
12	24	19
12	24	23
12	24	48
12	24	25
12	24	92
12	24	63
12	25	0
12	63	0
12	63	57
12	63	2
12	63	30
12	63	107
12	63	17
12	63	125
12	63	85
12	63	27
12	27	57
12	27	41
12	27	4
12	27	63
13	55	30
13	55	97
13	55	94
13	55	61
13	52	11
13	52	158
13	52	97
13	52	108
13	0	2
13	0	30
13	0	39
13	0	4
13	0	6
13	0	7
13	0	59
13	0	63
13	1	2
13	1	30
13	1	11
13	1	54
13	1	17
13	28	4
13	28	34
13	28	24
13	28	63
13	57	30
13	57	6
13	57	63
13	57	27
13	2	64
13	2	30
13	2	4
13	2	6
13	2	34
13	41	150
13	29	30
13	30	0
13	30	1
13	30	4
13	30	8
13	30	10
13	30	17
13	30	21
13	65	34
13	39	2
13	39	29
13	39	24
13	76	24
13	31	2
13	3	4
13	4	1
13	4	2
13	4	6
13	4	7
13	4	44
13	4	17
13	4	126
13	4	23
13	4	63
13	53	7
13	53	8
13	58	2
13	95	86
13	32	49
13	32	30
13	32	34
13	32	12
13	32	90
13	66	30
13	6	40
13	7	1
13	7	4
13	7	32
13	7	8
13	7	81
13	7	13
13	7	97
13	7	23
13	7	139
13	8	0
13	8	30
13	8	3
13	8	53
13	8	7
13	8	34
13	8	68
13	8	12
13	8	13
13	8	24
13	8	63
13	96	75
13	81	38
13	81	134
13	81	95
13	81	12
13	81	45
13	81	73
13	81	94
13	43	1
13	43	30
13	10	160
13	10	0
13	10	1
13	10	30
13	10	161
13	10	4
13	10	7
13	10	8
13	10	81
13	10	43
13	10	11
13	10	13
13	10	44
13	10	97
13	10	109
13	10	21
13	10	48
13	10	75
13	10	156
13	11	30
13	11	77
13	34	11
13	67	52
13	67	113
13	67	1
13	67	30
13	67	4
13	67	75
13	12	7
13	12	81
13	12	37
13	12	73
13	13	1
13	13	30
13	13	4
13	13	43
13	13	11
13	13	19
13	13	21
13	35	8
13	35	40
13	35	75
13	35	63
13	77	30
13	77	11
13	44	1
13	44	30
13	44	162
13	44	15
13	44	21
13	44	92
13	44	63
13	60	158
13	45	30
13	54	1
13	54	2
13	54	30
13	54	163
13	54	21
13	54	24
13	54	63
13	97	4
13	97	81
13	97	94
13	14	30
13	15	1
13	15	30
13	15	4
13	16	0
13	16	30
13	16	7
13	16	13
13	16	44
13	17	1
13	17	2
13	17	3
13	17	4
13	17	53
13	17	7
13	17	8
13	17	48
13	18	2
13	18	6
13	98	48
13	19	0
13	19	2
13	19	30
13	19	43
13	19	13
13	19	44
13	89	30
13	40	30
13	40	75
13	21	30
13	21	4
13	21	10
13	21	11
13	21	48
13	94	55
13	94	97
13	23	48
13	48	4
13	61	1
13	61	30
13	61	39
13	61	8
13	61	81
13	61	97
13	61	17
13	80	11
13	24	52
13	24	0
13	24	1
13	24	2
13	24	41
13	24	29
13	24	30
13	24	39
13	24	76
13	24	4
13	24	58
13	24	5
13	24	32
13	24	7
13	24	8
13	24	96
13	24	11
13	24	34
13	24	12
13	24	13
13	24	44
13	24	50
13	24	54
13	24	15
13	24	17
13	24	98
13	24	19
13	24	90
13	24	20
13	24	21
13	24	133
13	24	92
13	24	63
13	92	30
13	63	38
13	63	0
13	63	1
13	63	57
13	63	2
13	63	30
13	63	84
13	63	4
13	63	32
13	63	6
13	63	8
13	63	11
13	63	67
13	63	13
13	63	44
13	63	107
13	63	17
13	63	18
13	63	48
13	63	61
13	63	62
13	63	24
13	63	85
13	63	27
13	85	30
13	85	63
13	27	0
13	27	28
13	27	57
13	27	41
13	27	44
13	27	63
14	99	34
14	55	11
14	55	97
14	55	94
14	52	10
14	52	108
14	0	2
14	0	30
14	0	6
14	0	10
14	0	16
14	0	17
14	1	0
14	1	64
14	1	30
14	1	4
14	1	7
14	1	11
14	1	45
14	1	17
14	1	18
14	1	21
14	1	48
14	1	24
14	1	92
14	28	2
14	28	4
14	28	44
14	57	41
14	57	30
14	57	63
14	57	27
14	2	30
14	2	6
14	2	10
14	2	11
14	2	34
14	2	24
14	2	63
14	41	42
14	41	4
14	29	1
14	29	2
14	29	30
14	29	54
14	30	86
14	30	28
14	30	53
14	30	32
14	30	10
14	30	11
14	30	44
14	30	158
14	30	107
14	30	17
14	30	21
14	42	34
14	84	30
14	39	0
14	39	2
14	39	8
14	39	51
14	39	61
14	39	24
14	4	2
14	4	32
14	4	6
14	4	7
14	4	69
14	4	63
14	53	8
14	58	2
14	58	4
14	95	4
14	32	28
14	32	30
14	32	81
14	32	67
14	32	90
14	66	8
14	66	45
14	6	64
14	6	30
14	7	64
14	7	1
14	7	29
14	7	30
14	7	4
14	7	32
14	7	8
14	7	50
14	7	16
14	7	24
14	8	0
14	8	1
14	8	41
14	8	3
14	8	32
14	8	34
14	8	68
14	8	18
14	8	108
14	8	21
14	8	24
14	8	63
14	100	2
14	81	38
14	81	12
14	81	94
14	81	63
14	43	30
14	43	10
14	10	0
14	10	1
14	10	2
14	10	41
14	10	30
14	10	4
14	10	7
14	10	8
14	10	81
14	10	43
14	10	11
14	10	13
14	10	44
14	10	97
14	10	15
14	10	21
14	10	75
14	10	24
14	11	30
14	11	77
14	34	11
14	34	24
14	67	30
14	12	41
14	12	4
14	12	32
14	12	7
14	12	73
14	12	21
14	12	94
14	12	139
14	13	30
14	13	10
14	13	44
14	13	19
14	13	24
14	35	0
14	35	40
14	35	63
14	44	28
14	44	30
14	44	11
14	44	92
14	36	2
14	54	1
14	54	30
14	54	21
14	15	1
14	15	4
14	15	10
14	16	0
14	16	30
14	16	7
14	16	13
14	16	44
14	16	78
14	17	0
14	17	1
14	17	28
14	17	3
14	17	53
14	17	7
14	17	8
14	17	11
14	18	6
14	78	30
14	78	4
14	101	2
14	19	0
14	19	2
14	19	30
14	19	4
14	19	43
14	19	11
14	19	13
14	19	63
14	89	30
14	90	32
14	40	28
14	40	30
14	40	6
14	40	7
14	40	11
14	20	44
14	21	30
14	21	4
14	21	10
14	21	44
14	21	19
14	21	48
14	21	24
14	94	55
14	22	3
14	23	2
14	23	18
14	23	48
14	48	30
14	48	4
14	61	0
14	61	30
14	61	39
14	61	81
14	61	97
14	61	19
14	61	63
14	62	2
14	62	44
14	80	11
14	80	24
14	24	1
14	24	144
14	24	28
14	24	2
14	24	41
14	24	29
14	24	30
14	24	39
14	24	76
14	24	134
14	24	4
14	24	58
14	24	5
14	24	32
14	24	7
14	24	8
14	24	96
14	24	9
14	24	43
14	24	11
14	24	34
14	24	12
14	24	13
14	24	44
14	24	45
14	24	54
14	24	15
14	24	17
14	24	101
14	24	73
14	24	21
14	24	25
14	24	92
14	24	63
14	92	30
14	63	38
14	63	0
14	63	1
14	63	57
14	63	2
14	63	30
14	63	4
14	63	32
14	63	6
14	63	7
14	63	8
14	63	59
14	63	11
14	63	67
14	63	13
14	63	44
14	63	164
14	63	107
14	63	17
14	63	21
14	63	48
14	63	61
14	63	62
14	63	24
14	63	85
14	63	27
14	85	30
14	85	63
14	27	28
14	27	57
14	27	63
15	55	97
15	102	57
15	52	86
15	52	11
15	52	108
15	0	2
15	0	30
15	0	6
15	0	10
15	0	54
15	0	16
15	64	58
15	64	63
15	103	2
15	1	28
15	1	30
15	1	4
15	1	71
15	1	17
15	104	2
15	49	73
15	28	4
15	57	2
15	57	41
15	57	30
15	57	6
15	57	63
15	2	0
15	2	57
15	2	30
15	2	6
15	2	8
15	2	43
15	2	11
15	2	34
15	2	21
15	2	63
15	41	57
15	29	2
15	30	28
15	30	8
15	30	44
15	30	54
15	30	78
15	30	73
15	30	21
15	30	48
15	65	30
15	105	24
15	4	0
15	4	1
15	4	2
15	4	6
15	4	7
15	4	81
15	4	71
15	4	17
15	4	109
15	4	63
15	53	59
15	32	30
15	32	95
15	32	81
15	32	109
15	32	90
15	66	4
15	66	8
15	6	64
15	6	1
15	6	57
15	6	30
15	6	7
15	7	64
15	7	1
15	7	29
15	7	30
15	7	4
15	7	32
15	7	10
15	7	12
15	7	71
15	7	16
15	7	17
15	7	23
15	8	41
15	8	43
15	8	12
15	8	17
15	8	18
15	8	108
15	8	98
15	8	122
15	8	21
15	8	24
15	8	63
15	59	2
15	81	55
15	81	38
15	81	134
15	81	12
15	81	97
15	81	150
15	81	94
15	87	22
15	10	1
15	10	30
15	10	4
15	10	7
15	10	8
15	10	81
15	10	43
15	10	11
15	10	13
15	10	44
15	10	97
15	10	21
15	10	48
15	10	75
15	11	77
15	11	54
15	11	143
15	11	108
15	34	24
15	67	30
15	12	121
15	12	32
15	12	7
15	12	81
15	12	73
15	12	94
15	13	30
15	13	10
15	13	44
15	77	30
15	44	30
15	44	92
15	106	2
15	71	1
15	45	1
15	45	30
15	36	0
15	36	2
15	54	92
15	97	81
15	14	30
15	15	1
15	15	30
15	15	4
15	107	63
15	16	0
15	16	7
15	16	13
15	16	44
15	17	1
15	17	3
15	17	7
15	17	8
15	17	54
15	18	57
15	18	6
15	108	86
15	98	4
15	19	0
15	19	30
15	19	81
15	19	13
15	19	44
15	19	97
15	46	30
15	109	4
15	89	30
15	90	8
15	73	49
15	40	28
15	40	2
15	40	30
15	40	66
15	40	7
15	20	1
15	20	44
15	21	30
15	21	43
15	21	15
15	21	48
15	23	18
15	23	24
15	48	1
15	48	2
15	48	30
15	48	4
15	61	30
15	61	81
15	61	97
15	61	19
15	61	63
15	24	0
15	24	64
15	24	1
15	24	151
15	24	28
15	24	2
15	24	41
15	24	30
15	24	39
15	24	105
15	24	76
15	24	4
15	24	53
15	24	32
15	24	7
15	24	8
15	24	165
15	24	9
15	24	43
15	24	11
15	24	34
15	24	13
15	24	44
15	24	71
15	24	54
15	24	15
15	24	78
15	24	21
15	24	155
15	24	23
15	24	61
15	24	92
15	24	63
15	63	0
15	63	1
15	63	86
15	63	57
15	63	2
15	63	30
15	63	4
15	63	6
15	63	8
15	63	59
15	63	11
15	63	67
15	63	77
15	63	44
15	63	164
15	63	107
15	63	21
15	63	166
15	63	48
15	63	61
15	63	24
15	85	30
15	85	27
15	27	2
15	27	30
15	27	18
15	27	63
16	55	1
16	55	30
16	55	97
16	52	108
16	0	28
16	0	2
16	0	30
16	0	42
16	0	4
16	0	6
16	0	8
16	0	16
16	64	12
16	1	30
16	1	7
16	1	44
16	1	17
16	1	18
16	49	54
16	49	73
16	86	20
16	28	30
16	28	4
16	28	63
16	57	1
16	57	30
16	57	6
16	57	18
16	57	40
16	57	63
16	57	27
16	2	1
16	2	30
16	2	32
16	2	6
16	2	11
16	2	13
16	41	75
16	29	2
16	30	8
16	30	11
16	30	78
16	30	21
16	30	48
16	42	11
16	84	30
16	4	1
16	4	2
16	4	6
16	4	7
16	4	8
16	4	15
16	4	17
16	4	18
16	4	109
16	4	21
16	4	24
16	32	28
16	32	2
16	32	30
16	32	6
16	32	7
16	32	81
16	32	109
16	32	90
16	6	2
16	6	30
16	6	7
16	6	45
16	6	17
16	6	63
16	7	64
16	7	1
16	7	86
16	7	30
16	7	4
16	7	45
16	7	15
16	7	139
16	8	1
16	8	41
16	8	32
16	8	7
16	8	59
16	8	11
16	8	122
16	8	23
16	8	62
16	8	24
16	8	63
16	81	38
16	81	87
16	81	12
16	81	97
16	43	30
16	43	13
16	10	0
16	10	41
16	10	30
16	10	4
16	10	6
16	10	7
16	10	81
16	10	11
16	10	13
16	10	44
16	10	97
16	10	21
16	10	75
16	11	77
16	11	78
16	34	30
16	67	30
16	68	34
16	12	30
16	12	32
16	12	7
16	12	73
16	12	94
16	13	28
16	13	30
16	13	4
16	13	44
16	13	15
16	13	19
16	35	24
16	35	63
16	44	30
16	44	92
16	60	131
16	36	0
16	54	1
16	54	30
16	54	43
16	54	92
16	97	2
16	97	4
16	97	94
16	97	75
16	110	6
16	72	30
16	15	30
16	15	4
16	15	21
16	107	167
16	107	30
16	107	63
16	16	0
16	16	7
16	16	10
16	16	13
16	16	44
16	16	78
16	111	13
16	17	49
16	17	28
16	17	3
16	17	7
16	17	8
16	17	24
16	18	6
16	18	54
16	98	1
16	19	52
16	19	0
16	19	2
16	19	30
16	19	134
16	19	81
16	19	43
16	19	13
16	19	97
16	90	32
16	73	49
16	40	30
16	40	11
16	112	52
16	21	30
16	21	43
16	21	15
16	21	19
16	21	92
16	23	4
16	23	24
16	48	2
16	48	30
16	48	4
16	48	21
16	61	2
16	61	30
16	61	7
16	61	44
16	61	97
16	62	54
16	80	30
16	80	11
16	24	1
16	24	28
16	24	2
16	24	41
16	24	29
16	24	30
16	24	39
16	24	76
16	24	4
16	24	5
16	24	32
16	24	6
16	24	7
16	24	8
16	24	43
16	24	87
16	24	11
16	24	34
16	24	13
16	24	168
16	24	44
16	24	54
16	24	15
16	24	17
16	24	98
16	24	51
16	24	21
16	24	125
16	24	48
16	24	61
16	24	92
16	24	63
16	92	30
16	92	4
16	63	38
16	63	57
16	63	2
16	63	30
16	63	4
16	63	6
16	63	7
16	63	8
16	63	11
16	63	44
16	63	70
16	63	21
16	63	48
16	63	61
16	63	24
16	63	92
16	63	85
16	63	27
16	85	30
16	27	2
16	27	30
16	27	63
17	55	4
17	55	97
17	52	86
17	113	40
17	0	28
17	0	2
17	0	29
17	0	30
17	0	42
17	0	32
17	0	6
17	0	11
17	0	97
17	0	72
17	0	63
17	1	30
17	1	7
17	1	8
17	1	44
17	49	53
17	28	2
17	28	29
17	28	4
17	28	6
17	28	54
17	28	17
17	28	63
17	2	0
17	2	1
17	2	169
17	2	2
17	2	41
17	2	29
17	2	30
17	2	4
17	2	32
17	2	6
17	2	7
17	2	8
17	2	10
17	2	11
17	2	115
17	2	44
17	2	54
17	2	46
17	2	21
17	2	63
17	29	2
17	29	4
17	30	2
17	30	41
17	30	43
17	30	11
17	30	44
17	30	17
17	30	78
17	30	21
17	30	23
17	84	63
17	39	29
17	39	51
17	39	24
17	31	2
17	3	4
17	3	17
17	4	169
17	4	30
17	4	7
17	4	12
17	4	71
17	4	54
17	4	109
17	32	2
17	32	30
17	32	6
17	32	8
17	32	81
17	32	90
17	6	0
17	6	28
17	6	2
17	6	30
17	6	45
17	6	17
17	7	64
17	7	1
17	7	30
17	7	4
17	7	53
17	7	43
17	7	44
17	7	45
17	7	54
17	7	17
17	8	0
17	8	41
17	8	32
17	8	11
17	8	12
17	8	50
17	8	150
17	8	61
17	8	24
17	59	2
17	81	38
17	81	87
17	81	12
17	114	2
17	9	97
17	9	24
17	43	30
17	87	53
17	10	0
17	10	30
17	10	4
17	10	6
17	10	7
17	10	8
17	10	81
17	10	43
17	10	11
17	10	13
17	10	44
17	10	97
17	10	135
17	10	15
17	10	17
17	10	21
17	10	75
17	10	24
17	11	59
17	67	30
17	67	11
17	12	121
17	12	32
17	12	7
17	12	44
17	12	17
17	12	90
17	12	24
17	13	30
17	13	4
17	13	43
17	13	44
17	13	19
17	13	48
17	35	6
17	115	30
17	44	86
17	44	30
17	44	43
17	44	92
17	36	0
17	54	2
17	97	94
17	110	30
17	110	6
17	15	30
17	15	4
17	15	21
17	16	0
17	16	30
17	16	7
17	16	13
17	16	44
17	17	1
17	17	3
17	17	8
17	17	24
17	18	6
17	18	20
17	108	11
17	98	1
17	98	43
17	51	30
17	19	0
17	19	121
17	19	30
17	19	95
17	19	81
17	19	10
17	19	13
17	19	44
17	19	97
17	19	15
17	19	21
17	19	92
17	46	30
17	40	30
17	40	11
17	21	30
17	21	4
17	21	43
17	21	10
17	21	44
17	21	92
17	23	4
17	23	53
17	116	17
17	48	0
17	48	41
17	48	30
17	48	4
17	48	43
17	48	13
17	48	21
17	48	63
17	61	52
17	61	2
17	61	4
17	61	7
17	61	81
17	61	97
17	62	0
17	62	2
17	24	1
17	24	28
17	24	2
17	24	41
17	24	30
17	24	39
17	24	76
17	24	3
17	24	4
17	24	32
17	24	7
17	24	8
17	24	9
17	24	43
17	24	11
17	24	34
17	24	68
17	24	13
17	24	44
17	24	15
17	24	17
17	24	109
17	24	21
17	24	22
17	24	23
17	24	48
17	24	61
17	24	75
17	92	117
17	63	0
17	63	57
17	63	2
17	63	30
17	63	4
17	63	32
17	63	6
17	63	8
17	63	11
17	63	44
17	63	54
17	63	110
17	63	107
17	63	21
17	63	170
17	63	48
17	63	61
17	63	24
17	63	92
17	63	85
17	63	27
17	85	1
17	85	30
17	27	57
17	27	30
17	27	110
17	27	24
17	27	63
18	55	97
18	55	94
18	52	108
18	38	51
18	0	28
18	0	2
18	0	30
18	0	6
18	0	10
18	0	11
18	0	13
18	0	44
18	0	15
18	0	40
18	0	24
18	0	63
18	0	27
18	64	12
18	64	63
18	1	30
18	1	53
18	1	12
18	1	71
18	49	2
18	28	2
18	28	29
18	28	30
18	28	4
18	28	6
18	28	63
18	57	63
18	2	0
18	2	86
18	2	57
18	2	2
18	2	29
18	2	30
18	2	4
18	2	32
18	2	7
18	2	54
18	2	16
18	2	20
18	2	61
18	2	24
18	2	63
18	30	43
18	30	11
18	30	44
18	30	14
18	30	48
18	30	24
18	30	63
18	84	63
18	39	29
18	39	24
18	31	2
18	3	4
18	3	53
18	3	24
18	4	0
18	4	1
18	4	2
18	4	30
18	4	3
18	4	7
18	4	11
18	4	12
18	4	131
18	4	15
18	4	17
18	4	109
18	95	4
18	32	52
18	32	30
18	32	31
18	32	4
18	32	53
18	32	81
18	32	90
18	6	57
18	6	2
18	6	30
18	6	76
18	6	53
18	6	7
18	6	17
18	6	40
18	6	63
18	7	1
18	7	2
18	7	4
18	7	53
18	7	44
18	7	45
18	7	63
18	8	64
18	8	2
18	8	43
18	8	12
18	8	44
18	8	17
18	8	24
18	8	63
18	59	2
18	81	38
18	81	12
18	9	28
18	9	81
18	9	75
18	43	30
18	43	8
18	87	53
18	10	0
18	10	2
18	10	30
18	10	4
18	10	81
18	10	43
18	10	13
18	10	44
18	10	97
18	10	21
18	10	75
18	10	63
18	11	30
18	11	97
18	11	21
18	11	80
18	11	24
18	67	30
18	67	40
18	68	4
18	12	32
18	12	7
18	12	90
18	12	73
18	13	30
18	13	4
18	13	8
18	13	44
18	115	30
18	117	30
18	44	30
18	44	7
18	60	109
18	45	2
18	36	44
18	54	2
18	97	55
18	97	8
18	97	94
18	14	30
18	15	30
18	15	4
18	15	43
18	15	97
18	15	21
18	107	63
18	16	0
18	16	30
18	16	7
18	16	13
18	16	44
18	17	0
18	17	1
18	17	49
18	17	3
18	17	4
18	17	53
18	17	11
18	17	12
18	17	15
18	18	6
18	18	7
18	18	20
18	78	4
18	98	1
18	98	30
18	101	2
18	19	52
18	19	0
18	19	30
18	19	163
18	19	81
18	19	13
18	19	97
18	19	135
18	19	24
18	90	32
18	73	49
18	73	30
18	73	53
18	73	92
18	40	30
18	40	35
18	21	30
18	21	4
18	21	10
18	21	11
18	21	13
18	21	44
18	21	15
18	21	92
18	23	53
18	48	0
18	48	64
18	48	30
18	48	4
18	48	43
18	48	12
18	48	13
18	48	44
18	48	15
18	48	21
18	118	30
18	61	2
18	61	8
18	61	97
18	61	75
18	62	2
18	62	63
18	119	17
18	24	171
18	24	1
18	24	127
18	24	28
18	24	2
18	24	29
18	24	30
18	24	39
18	24	76
18	24	3
18	24	4
18	24	32
18	24	6
18	24	8
18	24	9
18	24	10
18	24	11
18	24	34
18	24	12
18	24	13
18	24	44
18	24	54
18	24	15
18	24	17
18	24	19
18	24	112
18	24	21
18	24	61
18	24	92
18	63	57
18	63	2
18	63	30
18	63	4
18	63	6
18	63	44
18	63	107
18	63	40
18	63	112
18	63	125
18	63	63
18	85	30
18	27	57
18	27	30
18	27	63
19	99	30
19	55	30
19	55	134
19	55	12
19	55	97
19	55	94
19	55	61
19	52	67
19	38	51
19	38	119
19	0	1
19	0	28
19	0	2
19	0	30
19	0	6
19	0	10
19	0	11
19	0	13
19	0	44
19	0	16
19	0	20
19	64	63
19	120	30
19	1	41
19	1	30
19	1	7
19	1	8
19	1	12
19	1	17
19	121	128
19	56	131
19	28	1
19	28	2
19	28	30
19	28	5
19	28	6
19	57	63
19	2	29
19	2	30
19	2	4
19	2	6
19	2	20
19	2	63
19	41	57
19	30	32
19	30	15
19	30	17
19	30	21
19	30	24
19	30	25
19	30	92
19	30	63
19	39	24
19	3	4
19	3	109
19	3	22
19	4	64
19	4	57
19	4	2
19	4	32
19	4	7
19	4	8
19	4	71
19	4	131
19	4	24
19	4	63
19	58	2
19	32	2
19	32	30
19	32	4
19	32	90
19	32	24
19	6	0
19	6	57
19	6	2
19	6	30
19	6	7
19	6	8
19	6	40
19	6	24
19	6	63
19	7	52
19	7	103
19	7	1
19	7	41
19	7	42
19	7	4
19	7	32
19	7	10
19	7	12
19	7	36
19	7	16
19	7	17
19	8	64
19	8	1
19	8	2
19	8	41
19	8	66
19	8	68
19	8	12
19	8	24
19	8	63
19	81	1
19	81	87
19	81	12
19	81	94
19	9	81
19	9	97
19	9	75
19	9	24
19	43	15
19	10	0
19	10	30
19	10	4
19	10	7
19	10	81
19	10	43
19	10	13
19	10	44
19	10	97
19	10	109
19	10	40
19	10	21
19	10	61
19	10	75
19	11	30
19	11	129
19	11	80
19	67	30
19	68	4
19	68	63
19	12	1
19	12	32
19	12	7
19	12	128
19	12	90
19	69	20
19	13	30
19	13	4
19	13	44
19	77	11
19	77	107
19	115	30
19	44	30
19	44	43
19	44	54
19	44	48
19	45	30
19	36	2
19	36	30
19	54	127
19	97	4
19	97	94
19	93	2
19	15	30
19	15	4
19	15	43
19	15	21
19	107	101
19	16	0
19	16	30
19	16	7
19	16	11
19	16	13
19	16	44
19	17	1
19	17	30
19	17	3
19	17	4
19	17	32
19	17	7
19	17	8
19	17	12
19	17	15
19	17	24
19	18	53
19	18	6
19	98	1
19	19	0
19	19	30
19	19	43
19	19	13
19	19	44
19	19	101
19	19	24
19	109	3
19	90	32
19	122	52
19	40	30
19	40	35
19	21	30
19	21	4
19	21	43
19	21	10
19	21	11
19	21	44
19	21	111
19	21	19
19	21	92
19	48	30
19	48	4
19	48	8
19	48	10
19	48	44
19	48	21
19	48	24
19	61	52
19	61	2
19	61	30
19	61	8
19	61	67
19	61	68
19	61	97
19	62	0
19	62	2
19	62	30
19	62	54
19	62	63
19	80	30
19	80	44
19	119	17
19	24	0
19	24	1
19	24	2
19	24	30
19	24	39
19	24	3
19	24	4
19	24	32
19	24	7
19	24	8
19	24	59
19	24	43
19	24	10
19	24	34
19	24	12
19	24	44
19	24	54
19	24	15
19	24	21
19	24	23
19	24	82
19	92	30
19	92	4
19	92	44
19	63	57
19	63	30
19	63	84
19	63	6
19	63	44
19	63	72
19	63	107
19	63	40
19	63	125
19	63	63
19	63	27
19	85	30
19	27	57
19	27	30
19	27	63
19	27	85
20	55	30
20	55	97
20	55	94
20	52	8
20	38	51
20	0	1
20	0	28
20	0	2
20	0	30
20	0	6
20	0	11
20	0	13
20	0	44
20	0	16
20	0	20
20	0	21
20	64	11
20	1	4
20	1	73
20	1	24
20	28	2
20	28	30
20	28	4
20	28	6
20	28	8
20	28	34
20	57	63
20	2	0
20	2	57
20	2	41
20	2	30
20	2	4
20	2	6
20	2	115
20	2	107
20	2	17
20	2	51
20	2	172
20	2	61
20	2	24
20	41	57
20	29	30
20	30	127
20	30	7
20	30	43
20	30	11
20	30	44
20	30	131
20	30	15
20	30	21
20	30	139
20	30	24
20	39	4
20	39	24
20	3	4
20	3	109
20	3	22
20	4	64
20	4	2
20	4	7
20	4	8
20	4	12
20	4	13
20	4	97
20	4	23
20	4	139
20	4	24
20	32	41
20	32	30
20	32	31
20	32	4
20	32	7
20	32	165
20	32	81
20	32	68
20	6	0
20	6	28
20	6	57
20	6	2
20	6	41
20	6	30
20	6	7
20	6	11
20	6	40
20	6	48
20	6	24
20	6	63
20	123	16
20	7	1
20	7	76
20	7	4
20	7	32
20	7	12
20	7	45
20	7	16
20	7	92
20	7	63
20	8	52
20	8	2
20	8	41
20	8	30
20	8	4
20	8	7
20	8	34
20	8	68
20	8	12
20	8	13
20	8	44
20	8	15
20	8	17
20	8	24
20	96	2
20	81	87
20	81	12
20	9	38
20	9	6
20	9	8
20	9	81
20	9	97
20	9	17
20	9	75
20	43	28
20	43	30
20	43	19
20	10	0
20	10	30
20	10	4
20	10	81
20	10	13
20	10	44
20	10	97
20	10	40
20	10	75
20	11	30
20	11	32
20	11	62
20	34	34
20	68	57
20	12	2
20	12	3
20	12	32
20	12	7
20	12	8
20	12	90
20	12	62
20	13	30
20	13	4
20	13	8
20	13	44
20	13	15
20	13	48
20	115	30
20	44	30
20	44	4
20	44	10
20	44	11
20	44	15
20	44	24
20	45	30
20	36	0
20	54	30
20	97	30
20	97	4
20	14	30
20	110	8
20	15	30
20	15	4
20	15	11
20	15	44
20	15	21
20	15	48
20	16	0
20	16	7
20	16	13
20	16	44
20	111	30
20	17	28
20	17	41
20	17	3
20	17	4
20	17	32
20	17	12
20	17	15
20	18	57
20	18	53
20	18	6
20	98	1
20	19	0
20	19	30
20	19	43
20	19	13
20	46	30
20	109	3
20	90	32
20	124	69
20	40	3
20	40	4
20	40	7
20	112	17
20	20	122
20	21	30
20	21	4
20	21	43
20	21	11
20	21	13
20	21	44
20	21	88
20	21	19
20	21	92
20	94	1
20	22	3
20	22	4
20	23	53
20	23	61
20	125	98
20	48	30
20	48	4
20	48	44
20	48	21
20	48	48
20	61	55
20	61	2
20	61	30
20	61	4
20	61	8
20	61	97
20	62	0
20	62	63
20	119	29
20	119	4
20	24	28
20	24	2
20	24	30
20	24	39
20	24	76
20	24	4
20	24	5
20	24	95
20	24	32
20	24	6
20	24	8
20	24	12
20	24	44
20	24	50
20	24	54
20	24	15
20	24	19
20	24	21
20	24	63
20	92	30
20	92	3
20	63	57
20	63	30
20	63	84
20	63	4
20	63	6
20	63	43
20	63	107
20	63	40
20	63	23
20	63	125
20	63	62
20	85	30
20	85	63
20	27	57
20	27	30
20	27	63
21	55	97
21	55	94
21	0	28
21	0	2
21	0	30
21	0	4
21	0	123
21	0	8
21	0	11
21	0	13
21	0	16
21	0	20
21	64	15
21	64	63
21	1	30
21	1	12
21	1	71
21	1	17
21	1	73
21	28	0
21	28	30
21	28	4
21	28	6
21	28	13
21	28	24
21	28	63
21	57	63
21	2	0
21	2	1
21	2	57
21	2	41
21	2	30
21	2	4
21	2	6
21	2	115
21	2	44
21	2	16
21	2	18
21	2	24
21	2	63
21	41	2
21	30	0
21	30	2
21	30	5
21	30	7
21	30	10
21	30	44
21	30	158
21	30	15
21	30	48
21	30	24
21	30	63
21	39	24
21	31	30
21	3	4
21	4	2
21	4	53
21	4	32
21	4	7
21	4	97
21	4	90
21	4	73
21	4	23
21	53	152
21	32	30
21	32	31
21	32	4
21	32	54
21	32	90
21	32	24
21	6	0
21	6	28
21	6	2
21	6	30
21	6	7
21	6	13
21	6	18
21	6	61
21	6	24
21	6	63
21	7	1
21	7	4
21	7	16
21	7	17
21	7	90
21	7	24
21	8	2
21	8	4
21	8	7
21	8	43
21	8	34
21	8	12
21	8	13
21	8	17
21	8	24
21	96	2
21	100	11
21	81	12
21	9	81
21	9	97
21	9	75
21	43	30
21	43	24
21	10	30
21	10	4
21	10	44
21	10	109
21	10	21
21	11	30
21	11	4
21	11	5
21	11	13
21	34	8
21	34	34
21	67	44
21	12	4
21	12	7
21	12	8
21	12	90
21	13	4
21	13	43
21	13	11
21	13	44
21	13	24
21	77	30
21	44	30
21	44	4
21	44	19
21	44	92
21	36	0
21	36	2
21	54	30
21	54	24
21	97	30
21	97	4
21	14	41
21	110	8
21	15	30
21	15	4
21	15	43
21	15	13
21	15	44
21	15	21
21	15	48
21	15	92
21	16	0
21	16	30
21	16	7
21	16	13
21	16	44
21	16	17
21	16	24
21	111	43
21	17	1
21	17	28
21	17	3
21	17	7
21	17	12
21	17	15
21	17	109
21	17	24
21	18	6
21	18	21
21	18	23
21	98	1
21	19	102
21	19	0
21	19	30
21	19	43
21	19	11
21	19	13
21	19	44
21	19	16
21	19	21
21	19	75
21	19	91
21	46	30
21	90	32
21	40	30
21	21	0
21	21	28
21	21	30
21	21	4
21	21	10
21	21	11
21	21	44
21	21	15
21	21	19
21	21	122
21	21	92
21	22	30
21	22	3
21	126	4
21	23	53
21	23	63
21	48	30
21	48	4
21	48	43
21	48	44
21	48	21
21	48	24
21	61	30
21	61	4
21	61	8
21	61	97
21	62	0
21	62	30
21	62	24
21	62	63
21	80	11
21	24	38
21	24	1
21	24	144
21	24	28
21	24	2
21	24	30
21	24	39
21	24	4
21	24	53
21	24	58
21	24	5
21	24	6
21	24	7
21	24	8
21	24	43
21	24	11
21	24	34
21	24	68
21	24	12
21	24	13
21	24	44
21	24	17
21	24	18
21	24	78
21	24	21
21	24	133
21	24	126
21	25	44
21	92	30
21	63	0
21	63	1
21	63	57
21	63	30
21	63	84
21	63	4
21	63	6
21	63	8
21	63	107
21	63	40
21	63	63
21	85	63
21	27	30
21	27	6
21	27	8
21	27	63
22	55	97
22	55	94
22	0	28
22	0	2
22	0	30
22	0	6
22	0	7
22	0	10
22	0	11
22	0	13
22	0	15
22	64	63
22	1	95
22	1	11
22	1	71
22	49	2
22	127	2
22	28	0
22	28	30
22	28	15
22	57	107
22	57	63
22	2	1
22	2	2
22	2	30
22	2	4
22	2	6
22	2	115
22	2	44
22	2	15
22	2	18
22	2	48
22	2	61
22	41	2
22	41	98
22	41	24
22	30	0
22	30	2
22	30	5
22	30	32
22	30	43
22	30	12
22	30	15
22	30	21
22	30	24
22	30	63
22	42	32
22	31	2
22	3	4
22	3	126
22	4	2
22	4	41
22	4	7
22	4	34
22	4	12
22	4	97
22	4	17
22	4	73
22	4	23
22	4	63
22	53	21
22	58	41
22	32	57
22	32	2
22	32	31
22	32	4
22	32	6
22	32	7
22	32	90
22	6	0
22	6	57
22	6	2
22	6	41
22	6	30
22	6	43
22	6	11
22	6	13
22	6	36
22	6	18
22	6	40
22	6	48
22	6	61
22	6	24
22	6	63
22	7	0
22	7	1
22	7	4
22	7	32
22	7	43
22	7	17
22	7	90
22	7	139
22	7	24
22	8	38
22	8	41
22	8	30
22	8	32
22	8	7
22	8	34
22	8	12
22	8	44
22	8	24
22	100	11
22	81	97
22	9	41
22	9	30
22	9	81
22	9	13
22	9	97
22	9	75
22	43	30
22	43	117
22	128	24
22	87	24
22	10	0
22	10	4
22	10	7
22	10	21
22	11	8
22	11	143
22	11	24
22	34	2
22	12	41
22	12	7
22	12	81
22	12	67
22	12	139
22	12	24
22	13	28
22	13	4
22	13	44
22	13	19
22	13	24
22	13	63
22	44	30
22	44	4
22	44	10
22	44	13
22	44	19
22	44	21
22	36	0
22	36	2
22	36	63
22	97	30
22	97	94
22	110	8
22	15	0
22	15	30
22	15	4
22	15	43
22	107	2
22	16	7
22	16	13
22	16	44
22	111	44
22	17	1
22	17	3
22	17	8
22	17	12
22	17	15
22	17	73
22	18	6
22	18	23
22	98	4
22	51	2
22	19	0
22	19	2
22	19	30
22	19	43
22	19	13
22	19	44
22	19	24
22	19	91
22	90	32
22	122	52
22	40	30
22	40	44
22	21	4
22	21	11
22	21	15
22	21	19
22	21	92
22	94	2
22	94	97
22	22	3
22	22	4
22	126	173
22	23	90
22	48	4
22	48	43
22	48	44
22	48	21
22	48	24
22	61	30
22	61	4
22	61	6
22	61	97
22	61	63
22	62	0
22	62	2
22	62	30
22	62	63
22	75	30
22	75	4
22	75	43
22	75	17
22	24	52
22	24	38
22	24	64
22	24	1
22	24	144
22	24	28
22	24	2
22	24	30
22	24	39
22	24	4
22	24	5
22	24	32
22	24	6
22	24	7
22	24	9
22	24	43
22	24	10
22	24	11
22	24	44
22	24	158
22	24	70
22	24	36
22	24	54
22	24	15
22	24	174
22	24	101
22	24	51
22	24	21
22	24	48
22	24	63
22	92	2
22	63	38
22	63	57
22	63	30
22	63	84
22	63	6
22	63	44
22	63	107
22	63	40
22	27	2
22	27	63
23	55	97
23	52	11
23	52	44
23	0	2
23	0	30
23	0	6
23	0	7
23	0	10
23	0	11
23	0	13
23	64	32
23	64	63
23	1	0
23	1	28
23	1	2
23	28	30
23	28	4
23	2	0
23	2	1
23	2	30
23	2	31
23	2	4
23	2	6
23	2	115
23	2	15
23	2	17
23	2	18
23	2	40
23	2	63
23	41	2
23	41	4
23	41	8
23	41	48
23	30	0
23	30	2
23	30	3
23	30	4
23	30	5
23	30	32
23	30	12
23	30	44
23	30	15
23	30	21
23	30	48
23	30	62
23	30	24
23	30	63
23	42	11
23	39	0
23	31	2
23	31	30
23	3	4
23	3	40
23	4	2
23	4	7
23	4	8
23	4	10
23	4	109
23	4	73
23	4	21
23	4	94
23	4	23
23	53	142
23	53	18
23	32	175
23	32	31
23	32	4
23	32	7
23	32	17
23	32	90
23	32	21
23	32	24
23	6	0
23	6	28
23	6	2
23	6	41
23	6	30
23	6	44
23	6	36
23	6	18
23	6	21
23	6	61
23	6	24
23	6	63
23	7	1
23	7	4
23	7	17
23	7	139
23	8	2
23	8	3
23	8	7
23	8	43
23	8	11
23	8	34
23	8	12
23	8	13
23	8	24
23	59	2
23	81	87
23	81	12
23	9	55
23	9	30
23	9	81
23	9	97
23	9	75
23	10	30
23	10	4
23	10	44
23	10	21
23	10	75
23	11	8
23	11	24
23	34	8
23	12	7
23	12	8
23	12	135
23	12	90
23	12	24
23	13	29
23	13	4
23	13	8
23	13	44
23	13	17
23	13	24
23	44	30
23	44	19
23	36	30
23	36	63
23	54	2
23	97	9
23	110	63
23	15	30
23	15	4
23	15	48
23	16	0
23	16	1
23	16	30
23	16	7
23	16	13
23	16	44
23	17	2
23	17	8
23	17	44
23	17	158
23	18	6
23	19	2
23	19	30
23	19	43
23	19	13
23	19	91
23	46	30
23	90	2
23	90	32
23	73	44
23	40	30
23	40	35
23	40	135
23	21	30
23	21	4
23	21	10
23	21	11
23	21	44
23	21	15
23	21	19
23	94	97
23	94	17
23	94	24
23	22	4
23	23	0
23	23	4
23	48	1
23	48	4
23	48	81
23	48	44
23	48	21
23	61	30
23	61	4
23	61	6
23	62	2
23	62	30
23	24	38
23	24	0
23	24	64
23	24	1
23	24	2
23	24	41
23	24	29
23	24	30
23	24	76
23	24	3
23	24	4
23	24	5
23	24	32
23	24	6
23	24	7
23	24	8
23	24	176
23	24	43
23	24	68
23	24	13
23	24	44
23	24	177
23	24	54
23	24	15
23	24	17
23	24	108
23	24	51
23	24	19
23	24	21
23	63	57
23	63	2
23	63	30
23	63	84
23	63	6
23	63	44
23	63	27
23	27	2
23	27	30
23	27	63
24	55	97
24	102	97
24	52	62
24	0	2
24	0	30
24	0	6
24	0	7
24	0	13
24	0	44
24	0	18
24	0	94
24	64	121
24	64	11
24	1	28
24	1	161
24	28	64
24	28	2
24	28	4
24	28	7
24	28	8
24	28	34
24	28	21
24	28	63
24	2	1
24	2	30
24	2	31
24	2	32
24	2	6
24	2	7
24	2	34
24	2	115
24	2	44
24	2	71
24	2	164
24	2	15
24	2	18
24	2	90
24	2	24
24	41	2
24	41	4
24	41	48
24	30	0
24	30	2
24	30	32
24	30	12
24	30	44
24	30	17
24	30	19
24	30	24
24	30	63
24	42	134
24	42	81
24	42	11
24	42	97
24	42	63
24	39	4
24	39	5
24	31	2
24	3	4
24	4	52
24	4	1
24	4	2
24	4	41
24	4	30
24	4	73
24	4	126
24	4	23
24	4	92
24	58	134
24	32	28
24	32	4
24	32	15
24	32	90
24	32	139
24	66	4
24	129	30
24	6	0
24	6	2
24	6	30
24	6	44
24	7	1
24	7	161
24	7	4
24	7	44
24	8	2
24	8	30
24	8	32
24	8	12
24	8	131
24	8	90
24	8	40
24	8	24
24	8	82
24	96	4
24	59	2
24	81	12
24	81	97
24	9	30
24	9	81
24	9	97
24	9	40
24	9	75
24	43	4
24	43	19
24	10	30
24	10	4
24	10	13
24	10	44
24	10	97
24	10	21
24	10	75
24	11	4
24	11	8
24	11	97
24	11	19
24	68	124
24	12	5
24	12	10
24	12	158
24	13	28
24	13	4
24	13	19
24	13	21
24	13	48
24	13	24
24	13	92
24	35	30
24	44	1
24	44	30
24	44	4
24	44	13
24	44	19
24	44	92
24	60	4
24	71	12
24	36	2
24	36	30
24	14	48
24	15	28
24	15	30
24	15	4
24	15	44
24	15	21
24	16	30
24	16	7
24	16	13
24	16	44
24	16	17
24	17	28
24	17	4
24	17	53
24	17	32
24	17	7
24	17	8
24	17	81
24	17	11
24	17	34
24	17	12
24	17	44
24	17	15
24	17	126
24	18	6
24	18	15
24	51	2
24	19	30
24	19	10
24	19	13
24	19	44
24	109	49
24	109	73
24	90	2
24	90	32
24	73	44
24	40	64
24	40	30
24	21	30
24	21	4
24	21	32
24	21	6
24	21	11
24	21	44
24	21	15
24	21	17
24	21	19
24	94	97
24	23	2
24	48	30
24	48	4
24	48	43
24	48	17
24	48	21
24	61	52
24	61	2
24	61	4
24	61	81
24	61	24
24	62	0
24	62	30
24	62	43
24	62	63
24	24	52
24	24	38
24	24	64
24	24	1
24	24	144
24	24	28
24	24	2
24	24	41
24	24	29
24	24	30
24	24	39
24	24	4
24	24	32
24	24	6
24	24	7
24	24	8
24	24	43
24	24	13
24	24	44
24	24	36
24	24	54
24	24	14
24	24	15
24	24	111
24	24	17
24	24	98
24	24	101
24	24	51
24	24	19
24	24	21
24	24	22
24	24	126
24	24	82
24	24	92
24	24	63
24	92	30
24	92	32
24	92	44
24	92	17
24	63	1
24	63	57
24	63	2
24	63	30
24	63	6
24	63	8
24	63	44
24	63	70
24	63	54
24	63	125
24	63	85
24	85	30
24	27	2
24	27	30
24	27	4
24	27	110
24	27	63
25	55	30
25	55	97
25	55	94
25	38	29
25	0	2
25	0	30
25	0	6
25	0	10
25	0	13
25	0	44
25	0	94
25	0	61
25	64	11
25	1	2
25	1	7
25	28	0
25	28	2
25	28	30
25	28	4
25	28	34
25	28	51
25	57	30
25	2	1
25	2	2
25	2	30
25	2	31
25	2	6
25	2	115
25	2	18
25	2	61
25	2	63
25	29	2
25	30	2
25	30	29
25	30	32
25	30	8
25	30	10
25	30	12
25	30	44
25	30	177
25	30	15
25	30	107
25	30	21
25	30	24
25	30	92
25	30	63
25	42	134
25	42	81
25	42	11
25	42	97
25	31	2
25	31	30
25	130	4
25	3	4
25	3	5
25	4	53
25	4	66
25	4	59
25	4	131
25	4	73
25	4	40
25	4	23
25	4	61
25	4	24
25	4	92
25	53	5
25	58	134
25	32	28
25	32	29
25	32	13
25	32	90
25	32	63
25	6	0
25	6	2
25	6	30
25	6	44
25	6	18
25	6	24
25	7	30
25	7	4
25	7	17
25	8	0
25	8	2
25	8	41
25	8	3
25	8	7
25	8	11
25	8	34
25	8	12
25	8	131
25	8	17
25	8	91
25	81	55
25	81	12
25	9	30
25	9	39
25	9	81
25	9	97
25	9	75
25	43	4
25	43	24
25	10	0
25	10	30
25	10	4
25	10	6
25	10	13
25	10	97
25	10	75
25	11	0
25	11	8
25	11	21
25	12	2
25	12	5
25	12	81
25	12	68
25	12	17
25	12	21
25	13	1
25	13	28
25	13	29
25	13	30
25	13	4
25	13	5
25	13	48
25	13	92
25	35	30
25	44	1
25	44	4
25	44	13
25	44	17
25	44	19
25	44	92
25	131	40
25	36	0
25	54	76
25	97	81
25	15	28
25	15	30
25	15	4
25	15	117
25	15	17
25	15	21
25	16	2
25	16	30
25	16	7
25	16	13
25	16	44
25	17	64
25	17	3
25	17	4
25	17	7
25	17	8
25	17	81
25	17	128
25	17	11
25	17	34
25	17	12
25	17	13
25	17	44
25	17	126
25	18	6
25	98	1
25	51	2
25	51	29
25	19	2
25	19	30
25	19	8
25	19	10
25	19	13
25	46	30
25	46	44
25	109	30
25	109	73
25	109	24
25	90	32
25	40	64
25	40	30
25	40	4
25	20	4
25	21	28
25	21	4
25	21	54
25	21	15
25	21	19
25	126	63
25	48	86
25	48	130
25	48	4
25	48	177
25	48	21
25	48	48
25	61	30
25	61	4
25	61	32
25	61	69
25	61	44
25	61	97
25	61	94
25	61	178
25	62	0
25	62	2
25	62	30
25	62	11
25	62	63
25	75	81
25	24	38
25	24	0
25	24	64
25	24	1
25	24	127
25	24	28
25	24	2
25	24	41
25	24	30
25	24	76
25	24	3
25	24	4
25	24	5
25	24	32
25	24	6
25	24	7
25	24	8
25	24	9
25	24	68
25	24	12
25	24	44
25	24	71
25	24	36
25	24	54
25	24	15
25	24	174
25	24	17
25	24	78
25	24	98
25	24	21
25	24	133
25	24	126
25	24	61
25	63	1
25	63	2
25	63	30
25	63	4
25	63	44
25	63	107
25	63	21
25	63	63
25	85	41
25	85	30
25	85	17
25	85	63
25	27	2
25	27	30
25	27	63
26	55	97
26	52	11
26	52	20
26	38	2
26	0	0
26	0	2
26	0	29
26	0	30
26	0	10
26	0	15
26	0	18
26	0	94
26	64	2
26	64	4
26	64	12
26	64	61
26	1	2
26	1	7
26	1	48
26	1	63
26	49	17
26	28	0
26	28	2
26	28	41
26	28	30
26	28	4
26	28	8
26	28	34
26	28	51
26	28	24
26	28	63
26	2	1
26	2	2
26	2	32
26	2	6
26	2	10
26	2	34
26	2	18
26	2	61
26	41	2
26	41	7
26	30	0
26	30	2
26	30	4
26	30	7
26	30	10
26	30	12
26	30	44
26	30	15
26	30	17
26	30	20
26	30	21
26	30	24
26	42	30
26	42	134
26	42	81
26	42	97
26	31	2
26	3	17
26	3	22
26	4	1
26	4	2
26	4	3
26	4	32
26	4	6
26	4	8
26	4	17
26	4	19
26	4	73
26	4	23
26	4	139
26	4	24
26	32	30
26	32	4
26	32	11
26	32	17
26	32	90
26	66	4
26	129	30
26	6	0
26	6	2
26	6	30
26	6	13
26	6	44
26	6	17
26	6	18
26	6	63
26	7	41
26	7	4
26	7	34
26	7	17
26	7	90
26	7	139
26	8	0
26	8	2
26	8	4
26	8	34
26	8	69
26	8	90
26	8	62
26	8	24
26	81	49
26	81	12
26	81	17
26	9	30
26	9	81
26	9	40
26	9	75
26	43	44
26	43	21
26	87	64
26	87	126
26	10	0
26	10	30
26	10	4
26	10	11
26	10	75
26	11	0
26	11	4
26	34	8
26	34	17
26	12	64
26	12	87
26	12	22
26	13	4
26	13	11
26	13	48
26	35	0
26	35	30
26	44	1
26	44	30
26	44	4
26	44	13
26	44	19
26	44	61
26	54	2
26	54	24
26	15	30
26	15	4
26	15	34
26	15	44
26	15	21
26	16	30
26	16	7
26	16	13
26	16	44
26	111	2
26	17	64
26	17	4
26	17	32
26	17	7
26	17	8
26	17	81
26	17	34
26	17	13
26	17	44
26	17	71
26	17	19
26	17	61
26	17	63
26	18	6
26	108	2
26	19	28
26	19	30
26	19	8
26	19	13
26	46	30
26	90	17
26	73	17
26	40	41
26	40	30
26	40	4
26	40	6
26	40	109
26	21	4
26	21	10
26	21	15
26	21	19
26	22	4
26	22	17
26	126	12
26	126	17
26	126	40
26	23	2
26	23	17
26	48	30
26	48	4
26	48	13
26	48	21
26	61	30
26	61	60
26	62	30
26	62	54
26	119	4
26	119	44
26	24	52
26	24	38
26	24	0
26	24	64
26	24	1
26	24	144
26	24	127
26	24	28
26	24	2
26	24	41
26	24	30
26	24	130
26	24	4
26	24	53
26	24	7
26	24	8
26	24	43
26	24	10
26	24	11
26	24	34
26	24	12
26	24	13
26	24	77
26	24	44
26	24	54
26	24	17
26	24	18
26	24	78
26	24	21
26	24	48
26	24	63
26	25	61
26	92	44
26	63	1
26	63	30
26	63	84
26	63	39
26	63	32
26	63	6
26	63	21
26	85	41
26	85	30
26	85	63
26	27	2
26	27	30
26	27	110
26	27	63
27	55	97
27	52	11
27	52	20
27	52	24
27	0	0
27	0	2
27	0	29
27	0	30
27	0	134
27	0	6
27	0	10
27	0	13
27	0	44
27	0	17
27	0	18
27	0	85
27	64	12
27	64	63
27	1	2
27	1	71
27	1	48
27	132	17
27	49	12
27	127	2
27	28	0
27	28	2
27	28	30
27	28	4
27	28	6
27	28	10
27	28	34
27	28	17
27	28	51
27	28	63
27	2	0
27	2	28
27	2	2
27	2	30
27	2	6
27	2	11
27	2	34
27	2	115
27	2	17
27	2	90
27	2	61
27	2	63
27	2	85
27	41	2
27	41	150
27	41	17
27	30	52
27	30	3
27	30	4
27	30	6
27	30	8
27	30	12
27	30	44
27	30	17
27	30	20
27	30	21
27	30	24
27	42	30
27	42	134
27	42	81
27	42	97
27	84	2
27	65	2
27	31	2
27	3	41
27	4	64
27	4	8
27	4	71
27	4	19
27	4	90
27	4	73
27	4	24
27	4	92
27	32	1
27	32	2
27	32	29
27	32	31
27	32	95
27	32	90
27	32	94
27	129	30
27	129	92
27	6	0
27	6	2
27	6	30
27	6	8
27	6	18
27	7	1
27	7	2
27	7	4
27	7	8
27	7	43
27	7	71
27	8	2
27	8	41
27	8	4
27	8	53
27	8	6
27	8	34
27	8	21
27	8	61
27	81	12
27	9	30
27	9	134
27	9	58
27	9	81
27	9	10
27	9	97
27	9	17
27	9	75
27	87	64
27	87	126
27	10	0
27	10	30
27	10	4
27	10	13
27	10	97
27	11	52
27	11	0
27	11	28
27	11	88
27	34	106
27	12	2
27	12	87
27	13	30
27	13	4
27	13	7
27	13	48
27	13	92
27	35	30
27	35	44
27	35	61
27	44	1
27	44	30
27	44	4
27	44	13
27	44	17
27	50	17
27	71	44
27	54	2
27	54	133
27	97	134
27	97	17
27	97	24
27	110	6
27	110	17
27	15	1
27	15	28
27	15	30
27	15	4
27	15	87
27	15	21
27	15	61
27	107	63
27	16	0
27	16	30
27	16	7
27	16	13
27	16	44
27	17	1
27	17	28
27	17	32
27	17	7
27	17	8
27	17	81
27	17	12
27	17	44
27	17	19
27	17	63
27	18	6
27	108	67
27	98	30
27	51	29
27	19	30
27	19	8
27	19	13
27	19	44
27	19	48
27	109	19
27	90	2
27	40	64
27	40	2
27	40	41
27	40	30
27	40	66
27	40	6
27	20	11
27	21	4
27	21	17
27	21	19
27	21	20
27	21	48
27	21	92
27	133	9
27	94	61
27	22	3
27	23	78
27	48	30
27	48	4
27	48	7
27	48	43
27	48	13
27	48	21
27	61	1
27	61	2
27	61	30
27	61	4
27	61	179
27	61	69
27	61	13
27	61	131
27	61	15
27	61	40
27	61	23
27	61	48
27	61	24
27	62	30
27	62	8
27	62	43
27	62	10
27	62	97
27	62	17
27	62	24
27	62	63
27	24	52
27	24	0
27	24	64
27	24	1
27	24	127
27	24	28
27	24	2
27	24	41
27	24	30
27	24	130
27	24	134
27	24	4
27	24	5
27	24	6
27	24	7
27	24	8
27	24	9
27	24	33
27	24	10
27	24	11
27	24	34
27	24	68
27	24	12
27	24	44
27	24	54
27	24	97
27	24	15
27	24	17
27	24	90
27	24	20
27	24	21
27	24	23
27	24	48
27	24	63
27	92	2
27	63	1
27	63	2
27	63	30
27	63	4
27	63	6
27	63	17
27	85	0
27	85	41
27	85	30
27	85	8
27	85	63
27	27	30
27	27	8
27	27	110
27	27	17
27	27	63
28	55	1
28	55	44
28	55	97
28	52	20
28	52	24
28	113	17
28	0	1
28	0	30
28	0	13
28	0	44
28	64	12
28	1	4
28	1	43
28	1	12
28	1	44
28	1	48
28	1	92
28	1	63
28	49	12
28	127	1
28	127	44
28	28	0
28	28	1
28	28	2
28	28	29
28	28	30
28	28	42
28	28	39
28	28	4
28	28	6
28	28	8
28	28	34
28	28	17
28	28	51
28	28	21
28	28	24
28	28	63
28	57	41
28	57	63
28	2	1
28	2	28
28	2	2
28	2	29
28	2	30
28	2	6
28	2	115
28	2	44
28	2	17
28	2	18
28	2	90
28	2	24
28	2	63
28	2	85
28	41	134
28	29	1
28	30	52
28	30	0
28	30	1
28	30	28
28	30	2
28	30	3
28	30	5
28	30	6
28	30	7
28	30	8
28	30	10
28	30	12
28	30	13
28	30	44
28	30	15
28	30	17
28	30	19
28	30	21
28	30	24
28	30	63
28	42	30
28	42	134
28	42	58
28	42	81
28	42	44
28	42	97
28	42	17
28	84	17
28	31	2
28	134	30
28	4	2
28	4	41
28	4	30
28	4	34
28	4	44
28	4	19
28	4	73
28	4	112
28	4	21
28	4	23
28	4	48
28	4	92
28	4	63
28	53	32
28	58	81
28	5	17
28	95	32
28	32	28
28	32	90
28	32	94
28	129	52
28	129	30
28	129	11
28	129	62
28	6	0
28	6	2
28	6	41
28	6	30
28	6	8
28	6	18
28	6	21
28	6	24
28	7	4
28	7	8
28	7	21
28	7	24
28	8	0
28	8	1
28	8	4
28	8	53
28	8	6
28	8	81
28	8	34
28	8	17
28	8	61
28	8	24
28	81	134
28	9	30
28	9	81
28	9	33
28	9	10
28	9	13
28	9	44
28	9	97
28	9	17
28	9	75
28	87	73
28	10	0
28	10	30
28	10	7
28	10	17
28	10	21
28	11	86
28	11	28
28	11	30
28	11	17
28	11	21
28	34	8
28	68	2
28	12	28
28	12	3
28	12	73
28	12	126
28	12	75
28	12	24
28	69	52
28	13	30
28	13	4
28	13	44
28	13	17
28	35	30
28	35	44
28	44	64
28	44	1
28	44	30
28	44	13
28	44	17
28	44	19
28	36	2
28	54	6
28	97	1
28	97	2
28	97	8
28	135	17
28	15	52
28	15	28
28	15	30
28	15	4
28	15	43
28	16	30
28	16	7
28	16	13
28	16	44
28	16	48
28	17	28
28	17	2
28	17	4
28	17	32
28	17	7
28	17	81
28	17	44
28	17	60
28	17	71
28	17	18
28	17	23
28	17	24
28	17	63
28	18	6
28	18	17
28	78	34
28	108	67
28	98	52
28	98	30
28	98	15
28	98	92
28	51	2
28	19	30
28	19	13
28	19	44
28	46	30
28	109	19
28	90	32
28	40	2
28	40	30
28	40	3
28	40	44
28	40	61
28	20	17
28	21	28
28	21	30
28	21	4
28	21	10
28	21	19
28	21	20
28	21	48
28	136	30
28	94	61
28	22	19
28	48	30
28	48	4
28	48	43
28	48	13
28	48	21
28	61	1
28	61	30
28	61	11
28	61	17
28	62	30
28	62	84
28	62	4
28	62	8
28	62	43
28	62	13
28	62	77
28	62	44
28	62	17
28	62	63
28	62	85
28	24	52
28	24	38
28	24	0
28	24	64
28	24	1
28	24	28
28	24	2
28	24	41
28	24	30
28	24	130
28	24	4
28	24	32
28	24	6
28	24	7
28	24	8
28	24	43
28	24	33
28	24	68
28	24	44
28	24	60
28	24	54
28	24	15
28	24	17
28	24	90
28	24	20
28	24	21
28	24	23
28	24	48
28	24	61
28	24	63
28	92	0
28	92	30
28	92	17
28	63	1
28	63	57
28	63	2
28	63	30
28	63	6
28	63	17
28	63	85
28	85	1
28	85	41
28	85	30
28	85	6
28	85	24
28	85	63
28	27	0
28	27	2
28	27	41
28	27	30
28	27	8
28	27	44
28	27	17
28	27	63
29	55	97
29	55	61
29	52	41
29	52	48
29	0	0
29	0	1
29	0	28
29	0	2
29	0	30
29	0	6
29	0	10
29	0	44
29	0	17
29	0	21
29	0	63
29	1	7
29	1	48
29	1	63
29	28	0
29	28	2
29	28	29
29	28	30
29	28	4
29	28	6
29	28	10
29	28	34
29	28	17
29	28	51
29	28	19
29	28	24
29	28	63
29	57	0
29	57	30
29	57	63
29	2	0
29	2	1
29	2	28
29	2	2
29	2	30
29	2	6
29	2	11
29	2	34
29	2	115
29	2	17
29	2	18
29	2	90
29	2	23
29	2	63
29	41	2
29	41	134
29	41	87
29	41	17
29	41	21
29	30	28
29	30	134
29	30	3
29	30	4
29	30	32
29	30	6
29	30	10
29	30	44
29	30	17
29	30	61
29	30	62
29	30	24
29	30	63
29	42	55
29	42	30
29	42	39
29	42	134
29	42	58
29	42	81
29	42	97
29	42	17
29	42	63
29	84	2
29	31	2
29	31	30
29	31	44
29	134	81
29	3	22
29	4	49
29	4	2
29	4	32
29	4	7
29	4	44
29	4	51
29	4	19
29	4	73
29	4	23
29	4	92
29	4	63
29	32	28
29	32	29
29	32	90
29	32	48
29	129	52
29	129	30
29	129	44
29	6	0
29	6	28
29	6	2
29	6	41
29	6	30
29	6	8
29	6	13
29	6	18
29	6	63
29	7	1
29	7	41
29	7	4
29	7	32
29	7	71
29	8	1
29	8	2
29	8	30
29	8	53
29	8	6
29	8	8
29	8	34
29	8	17
29	8	90
29	81	134
29	81	87
29	9	30
29	9	13
29	9	44
29	9	17
29	9	101
29	9	75
29	43	4
29	43	15
29	87	73
29	10	0
29	10	30
29	10	4
29	10	21
29	11	8
29	11	44
29	11	90
29	67	30
29	12	2
29	12	3
29	12	4
29	12	73
29	13	1
29	13	29
29	13	44
29	13	17
29	13	90
29	35	2
29	35	30
29	35	61
29	44	4
29	44	13
29	44	17
29	44	48
29	44	92
29	60	11
29	45	1
29	36	0
29	36	8
29	54	44
29	54	24
29	97	134
29	135	17
29	135	126
29	137	30
29	15	28
29	15	4
29	15	43
29	15	21
29	107	2
29	107	30
29	16	2
29	16	30
29	16	7
29	16	13
29	16	44
29	17	55
29	17	64
29	17	1
29	17	49
29	17	28
29	17	41
29	17	134
29	17	3
29	17	4
29	17	53
29	17	32
29	17	66
29	17	6
29	17	7
29	17	8
29	17	81
29	17	128
29	17	87
29	17	34
29	17	12
29	17	44
29	17	60
29	17	71
29	17	131
29	17	97
29	17	37
29	17	109
29	17	90
29	17	73
29	17	22
29	17	126
29	17	23
29	17	63
29	18	6
29	18	24
29	51	2
29	19	30
29	19	10
29	19	13
29	19	44
29	46	30
29	109	60
29	109	19
29	90	12
29	40	30
29	20	108
29	21	1
29	21	30
29	21	4
29	21	10
29	21	15
29	21	17
29	21	48
29	138	30
29	94	64
29	94	61
29	22	4
29	22	177
29	22	19
29	22	21
29	22	48
29	23	2
29	23	24
29	48	4
29	48	43
29	48	13
29	48	21
29	61	103
29	61	1
29	61	44
29	61	131
29	61	17
29	62	28
29	62	2
29	62	41
29	62	30
29	62	4
29	62	8
29	62	11
29	62	44
29	62	45
29	62	17
29	62	112
29	62	24
29	62	63
29	24	52
29	24	38
29	24	0
29	24	1
29	24	144
29	24	28
29	24	2
29	24	41
29	24	30
29	24	39
29	24	76
29	24	130
29	24	4
29	24	32
29	24	6
29	24	7
29	24	8
29	24	9
29	24	11
29	24	12
29	24	13
29	24	44
29	24	54
29	24	15
29	24	17
29	24	20
29	24	21
29	24	23
29	24	48
29	92	1
29	92	30
29	92	6
29	92	44
29	92	17
29	63	1
29	63	57
29	63	2
29	63	30
29	63	84
29	63	6
29	63	44
29	63	17
29	85	2
29	85	41
29	85	30
29	85	107
29	85	17
29	85	63
29	27	2
29	27	30
29	27	4
29	27	8
29	27	17
29	27	94
29	27	63