0	0	4
0	0	30
0	0	15
0	0	20
0	1	72
0	1	9
0	1	10
0	2	7
0	3	72
0	4	20
0	5	4
0	5	27
0	5	21
0	6	72
0	7	10
0	7	35
0	7	112
0	7	16
0	7	31
0	7	111
0	8	9
0	9	1
0	9	3
0	9	88
0	9	98
0	10	25
0	10	8
0	10	32
0	11	4
0	11	15
0	12	10
0	12	13
0	13	9
0	14	4
0	15	32
0	15	40
0	16	25
0	16	44
0	16	7
0	16	10
0	16	13
0	16	43
0	17	7
0	18	8
0	19	112
0	20	23
0	20	2
0	20	4
0	20	72
0	20	7
0	20	113
0	20	28
0	20	10
0	20	114
0	20	38
0	20	29
0	20	12
0	20	42
0	20	58
0	20	16
0	21	13
0	21	100
0	21	20
0	21	49
0	22	21
1	23	25
1	0	7
1	24	98
1	1	25
1	1	3
1	1	4
1	1	27
1	1	9
1	1	11
1	1	16
1	1	67
1	1	60
1	25	11
1	4	1
1	4	11
1	4	20
1	26	99
1	5	27
1	5	20
1	5	21
1	6	72
1	7	1
1	7	28
1	7	16
1	27	25
1	27	35
1	27	60
1	28	7
1	28	9
1	9	1
1	9	7
1	9	84
1	9	78
1	9	60
1	9	61
1	9	40
1	10	25
1	10	4
1	10	8
1	10	12
1	10	16
1	11	4
1	29	38
1	12	7
1	12	9
1	12	35
1	12	16
1	13	115
1	13	60
1	30	4
1	14	4
1	15	40
1	16	1
1	16	25
1	16	4
1	16	29
1	16	13
1	31	15
1	17	72
1	17	27
1	17	98
1	32	38
1	20	1
1	20	25
1	20	2
1	20	72
1	20	6
1	20	7
1	20	27
1	20	28
1	20	9
1	20	51
1	20	38
1	20	29
1	20	12
1	20	42
1	20	58
1	20	116
1	20	16
1	20	67
1	21	4
2	33	97
2	0	9
2	0	29
2	0	42
2	1	27
2	1	9
2	1	43
2	2	73
2	2	81
2	4	73
2	4	117
2	5	4
2	5	29
2	5	21
2	34	4
2	7	1
2	7	86
2	7	35
2	7	16
2	7	60
2	7	19
2	27	25
2	27	9
2	28	27
2	9	0
2	9	3
2	9	14
2	9	60
2	10	8
2	10	11
2	10	29
2	10	42
2	10	32
2	35	13
2	11	4
2	13	73
2	13	60
2	30	29
2	14	4
2	16	24
2	16	1
2	16	25
2	16	44
2	16	9
2	16	10
2	16	29
2	16	13
2	36	4
2	17	25
2	17	4
2	17	28
2	17	16
2	18	21
2	20	0
2	20	25
2	20	2
2	20	72
2	20	9
2	20	10
2	20	11
2	20	38
2	20	29
2	20	12
2	20	118
2	20	30
2	20	42
2	20	58
2	20	16
2	20	39
2	20	43
2	20	119
2	20	40
2	20	71
2	21	4
2	21	11
3	37	25
3	0	29
3	0	30
3	0	31
3	0	39
3	0	20
3	1	33
3	1	25
3	1	2
3	1	3
3	1	41
3	1	56
3	1	27
3	1	9
3	1	29
3	1	120
3	1	58
3	1	16
3	1	60
3	1	20
3	2	25
3	2	29
3	3	13
3	5	4
3	5	29
3	6	51
3	34	29
3	7	1
3	7	27
3	7	12
3	7	73
3	7	16
3	27	0
3	27	25
3	27	4
3	28	27
3	9	1
3	9	73
3	9	60
3	10	2
3	10	4
3	10	27
3	10	9
3	10	12
3	10	73
3	10	16
3	10	32
3	35	14
3	11	4
3	11	29
3	11	30
3	11	32
3	38	30
3	29	15
3	12	10
3	13	12
3	13	60
3	30	9
3	30	29
3	30	97
3	16	1
3	16	25
3	16	4
3	16	44
3	16	35
3	16	38
3	16	13
3	39	0
3	17	28
3	17	10
3	17	67
3	32	40
3	18	16
3	40	75
3	20	23
3	20	1
3	20	25
3	20	2
3	20	4
3	20	113
3	20	56
3	20	9
3	20	10
3	20	51
3	20	11
3	20	38
3	20	29
3	20	12
3	20	13
3	20	118
3	20	30
3	20	58
3	20	16
3	20	39
3	20	32
3	20	19
3	20	71
3	20	21
3	21	4
3	21	11
3	22	35
3	22	38
3	22	29
4	33	29
4	33	97
4	23	4
4	0	31
4	0	20
4	24	20
4	1	33
4	1	2
4	1	3
4	1	4
4	1	9
4	1	29
4	1	120
4	1	73
4	1	16
4	1	67
4	1	43
4	1	20
4	1	21
4	25	1
4	4	29
4	5	28
4	5	29
4	5	21
4	41	28
4	34	29
4	7	2
4	7	16
4	7	40
4	27	25
4	27	60
4	28	27
4	9	13
4	9	14
4	9	58
4	9	60
4	10	0
4	10	27
4	10	121
4	10	12
4	11	1
4	11	78
4	11	122
4	29	97
4	29	43
4	12	10
4	13	60
4	13	98
4	30	4
4	30	29
4	30	20
4	42	4
4	14	4
4	14	9
4	15	2
4	16	1
4	16	4
4	16	44
4	16	7
4	16	29
4	16	13
4	16	67
4	16	71
4	17	1
4	17	4
4	17	44
4	17	28
4	17	9
4	17	16
4	17	67
4	17	20
4	43	33
4	20	0
4	20	1
4	20	25
4	20	2
4	20	4
4	20	6
4	20	28
4	20	9
4	20	10
4	20	51
4	20	29
4	20	12
4	20	118
4	20	30
4	20	16
4	20	18
4	20	123
4	20	124
4	20	71
4	21	2
4	21	4
4	22	1
4	22	2
4	22	28
4	22	21
5	33	97
5	23	25
5	0	4
5	0	7
5	0	29
5	0	30
5	0	15
5	0	31
5	1	25
5	1	4
5	1	7
5	1	27
5	1	9
5	1	29
5	1	12
5	1	16
5	25	1
5	2	38
5	2	20
5	3	21
5	3	22
5	4	11
5	5	28
5	5	21
5	5	22
5	41	4
5	41	21
5	34	29
5	44	48
5	7	1
5	7	2
5	7	4
5	7	9
5	7	16
5	27	4
5	27	34
5	27	93
5	27	16
5	28	1
5	28	25
5	28	20
5	9	3
5	9	48
5	9	60
5	9	20
5	10	6
5	10	7
5	10	9
5	10	29
5	10	67
5	10	21
5	11	4
5	38	3
5	38	40
5	29	1
5	29	16
5	12	10
5	13	4
5	13	60
5	30	1
5	30	4
5	30	38
5	30	29
5	30	15
5	45	17
5	42	4
5	42	38
5	46	17
5	14	4
5	47	21
5	16	1
5	16	4
5	16	11
5	16	91
5	16	38
5	16	29
5	16	13
5	16	97
5	31	4
5	48	2
5	17	1
5	17	4
5	17	28
5	17	29
5	17	16
5	17	20
5	32	38
5	40	15
5	20	23
5	20	1
5	20	83
5	20	25
5	20	2
5	20	63
5	20	4
5	20	72
5	20	7
5	20	28
5	20	9
5	20	10
5	20	51
5	20	11
5	20	38
5	20	29
5	20	42
5	20	58
5	20	15
5	20	16
5	20	81
5	20	123
5	21	3
5	21	4
5	21	28
5	21	38
5	21	29
5	21	39
5	21	20
5	21	22
5	22	3
5	22	41
5	22	7
5	22	28
5	22	10
5	22	30
5	22	65
5	22	100
5	22	125
5	22	21
5	49	21
5	49	22
6	23	25
6	0	4
6	0	7
6	0	29
6	0	42
6	0	31
6	0	32
6	0	55
6	24	9
6	1	2
6	1	4
6	1	7
6	1	57
6	1	9
6	1	13
6	1	58
6	1	16
6	1	20
6	25	1
6	2	86
6	2	4
6	2	38
6	3	2
6	3	38
6	3	13
6	4	42
6	5	28
6	5	55
6	5	22
6	41	4
6	41	29
6	41	55
6	34	29
6	7	1
6	7	2
6	7	4
6	7	27
6	7	9
6	7	10
6	7	35
6	7	29
6	7	12
6	7	42
6	7	16
6	7	60
6	7	55
6	27	25
6	27	4
6	27	78
6	27	60
6	28	25
6	28	2
6	28	38
6	9	1
6	9	13
6	9	60
6	9	126
6	9	20
6	10	7
6	10	9
6	10	38
6	10	12
6	10	127
6	10	22
6	50	9
6	51	81
6	11	4
6	38	10
6	38	32
6	29	4
6	29	11
6	29	15
6	13	4
6	13	9
6	13	10
6	13	38
6	30	1
6	30	4
6	30	11
6	30	38
6	30	29
6	30	32
6	52	29
6	42	4
6	42	38
6	53	16
6	14	4
6	16	23
6	16	1
6	16	44
6	16	7
6	16	9
6	16	11
6	48	2
6	17	28
6	32	38
6	32	15
6	32	55
6	40	15
6	54	5
6	54	41
6	54	30
6	54	16
6	20	25
6	20	2
6	20	4
6	20	7
6	20	113
6	20	27
6	20	9
6	20	11
6	20	29
6	20	118
6	20	116
6	20	55
6	55	1
6	55	25
6	55	74
6	55	4
6	55	11
6	55	29
6	55	17
6	55	32
6	55	54
6	55	22
6	55	49
6	22	128
6	22	3
6	22	4
6	22	5
6	22	28
6	22	10
6	22	11
6	22	13
6	22	55
6	22	49
6	49	14
7	0	0
7	0	4
7	0	42
7	0	31
7	24	61
7	1	2
7	1	3
7	1	4
7	1	9
7	1	11
7	1	29
7	1	13
7	1	32
7	1	20
7	25	39
7	25	122
7	2	4
7	2	38
7	3	38
7	4	71
7	5	4
7	5	28
7	5	55
7	5	22
7	41	4
7	41	38
7	41	29
7	6	76
7	34	4
7	34	29
7	44	10
7	7	1
7	7	2
7	7	3
7	7	44
7	7	57
7	7	35
7	7	16
7	7	17
7	7	55
7	56	4
7	27	60
7	57	17
7	28	25
7	28	2
7	28	13
7	28	17
7	9	4
7	9	13
7	9	14
7	9	60
7	10	1
7	10	7
7	10	27
7	10	9
7	10	29
7	10	12
7	10	17
7	35	17
7	11	4
7	11	55
7	38	42
7	38	32
7	29	4
7	29	7
7	29	75
7	29	16
7	12	10
7	13	38
7	30	4
7	30	38
7	30	55
7	45	17
7	42	4
7	42	38
7	53	16
7	46	17
7	14	4
7	58	51
7	47	55
7	59	128
7	59	55
7	16	1
7	16	44
7	16	7
7	16	10
7	16	19
7	16	55
7	31	0
7	60	27
7	61	86
7	17	28
7	62	43
7	32	38
7	32	77
7	19	112
7	19	129
7	54	11
7	54	30
7	54	65
7	54	16
7	54	20
7	20	1
7	20	86
7	20	83
7	20	25
7	20	2
7	20	4
7	20	7
7	20	113
7	20	9
7	20	10
7	20	51
7	20	11
7	20	38
7	20	29
7	20	12
7	20	13
7	20	30
7	20	16
7	20	31
7	20	76
7	20	122
7	20	123
7	55	0
7	55	3
7	55	4
7	55	7
7	55	28
7	55	10
7	55	11
7	55	29
7	55	100
7	55	59
7	55	16
7	55	22
7	22	0
7	22	74
7	22	4
7	22	5
7	22	10
7	22	11
7	22	19
7	22	55
7	49	74
7	49	55
8	0	4
8	0	130
8	0	38
8	0	29
8	0	30
8	0	31
8	1	4
8	1	9
8	1	29
8	1	13
8	1	77
8	25	39
8	2	38
8	2	95
8	2	55
8	3	13
8	63	95
8	4	11
8	4	29
8	26	29
8	5	74
8	5	4
8	5	28
8	5	55
8	5	22
8	41	4
8	41	38
8	41	29
8	41	19
8	41	85
8	41	55
8	34	4
8	34	29
8	44	55
8	7	2
8	7	3
8	7	27
8	7	35
8	7	29
8	7	16
8	7	20
8	8	104
8	27	131
8	27	60
8	27	32
8	57	17
8	28	25
8	28	2
8	28	13
8	28	20
8	9	1
8	9	25
8	9	3
8	9	13
8	9	58
8	9	82
8	9	60
8	9	80
8	9	20
8	10	0
8	10	7
8	10	27
8	10	121
8	10	29
8	35	85
8	11	4
8	38	32
8	29	27
8	29	65
8	64	25
8	13	1
8	13	25
8	13	35
8	30	4
8	65	70
8	42	4
8	42	11
8	42	38
8	42	29
8	53	48
8	14	4
8	14	19
8	58	51
8	15	10
8	59	2
8	59	55
8	66	132
8	16	1
8	16	57
8	16	13
8	16	30
8	16	17
8	67	2
8	67	19
8	17	7
8	17	133
8	17	45
8	32	38
8	68	29
8	18	67
8	69	93
8	40	15
8	70	29
8	54	2
8	54	4
8	54	11
8	54	30
8	54	16
8	20	83
8	20	25
8	20	2
8	20	4
8	20	7
8	20	113
8	20	11
8	20	29
8	20	12
8	20	58
8	20	134
8	20	123
8	71	6
8	55	23
8	55	74
8	55	3
8	55	4
8	55	7
8	55	11
8	55	29
8	55	30
8	55	100
8	55	59
8	55	16
8	55	135
8	55	55
8	55	22
8	55	49
8	22	0
8	22	1
8	22	74
8	22	4
8	22	5
8	22	10
8	22	38
8	22	19
8	22	55
8	49	67
8	49	55
9	33	107
9	0	4
9	0	132
9	0	29
9	0	30
9	0	136
9	0	40
9	24	1
9	24	28
9	1	4
9	1	29
9	1	53
9	1	14
9	1	18
9	1	20
9	25	128
9	2	10
9	2	38
9	3	9
9	3	13
9	4	2
9	4	30
9	4	20
9	4	77
9	5	4
9	5	28
9	5	29
9	5	59
9	5	55
9	5	22
9	41	2
9	41	4
9	41	29
9	41	55
9	72	37
9	6	76
9	34	4
9	44	1
9	7	1
9	7	2
9	7	27
9	7	10
9	7	16
9	8	137
9	27	23
9	27	25
9	27	29
9	27	60
9	27	20
9	28	25
9	28	2
9	28	13
9	9	1
9	9	2
9	9	10
9	9	29
9	9	13
9	9	96
9	9	60
9	10	3
9	10	27
9	10	29
9	10	12
9	10	30
9	10	16
9	11	4
9	11	16
9	38	29
9	38	32
9	29	138
9	13	24
9	13	1
9	13	25
9	13	2
9	13	9
9	13	60
9	30	4
9	42	4
9	42	11
9	42	77
9	14	3
9	14	10
9	15	38
9	59	128
9	59	55
9	73	66
9	16	1
9	16	4
9	16	44
9	16	29
9	67	2
9	39	4
9	17	10
9	17	20
9	62	55
9	43	4
9	43	29
9	40	29
9	19	9
9	70	4
9	20	25
9	20	2
9	20	4
9	20	51
9	20	11
9	20	29
9	20	118
9	20	39
9	20	123
9	55	25
9	55	4
9	55	7
9	55	11
9	55	29
9	55	139
9	55	14
9	55	16
9	55	135
9	55	55
9	55	22
9	22	0
9	22	1
9	22	2
9	22	4
9	22	5
9	22	10
9	22	38
9	22	29
9	22	30
9	22	70
9	22	55
9	49	67
9	49	55
10	33	26
10	0	4
10	0	10
10	0	38
10	0	20
10	0	77
10	24	140
10	24	44
10	24	28
10	1	4
10	1	7
10	1	27
10	1	28
10	1	9
10	1	29
10	1	13
10	1	20
10	1	77
10	74	55
10	74	22
10	2	4
10	2	7
10	2	10
10	2	38
10	3	0
10	3	38
10	3	15
10	3	60
10	4	1
10	4	27
10	4	28
10	4	10
10	4	38
10	4	30
10	4	53
10	4	55
10	5	1
10	5	4
10	5	28
10	5	10
10	5	29
10	5	55
10	5	22
10	41	4
10	41	10
10	41	29
10	41	14
10	41	85
10	41	55
10	72	141
10	72	37
10	34	4
10	44	1
10	44	7
10	7	1
10	7	25
10	7	3
10	7	44
10	7	27
10	7	28
10	7	10
10	7	13
10	7	16
10	7	48
10	7	18
10	7	20
10	27	4
10	27	121
10	27	9
10	27	29
10	27	60
10	27	32
10	27	55
10	28	2
10	28	15
10	9	23
10	9	2
10	9	4
10	9	13
10	9	42
10	9	142
10	9	60
10	9	18
10	10	4
10	10	9
10	10	38
10	10	12
10	10	18
10	10	20
10	10	55
10	10	22
10	11	4
10	11	14
10	38	4
10	38	32
10	29	41
10	12	83
10	13	24
10	13	1
10	13	25
10	13	10
10	13	60
10	30	4
10	30	10
10	30	38
10	30	29
10	42	1
10	42	4
10	42	38
10	42	53
10	42	77
10	75	26
10	58	4
10	58	109
10	15	143
10	15	4
10	15	29
10	59	55
10	16	1
10	16	25
10	16	44
10	16	29
10	16	119
10	16	18
10	31	130
10	76	38
10	39	4
10	39	30
10	17	2
10	17	4
10	17	10
10	17	20
10	43	4
10	43	29
10	32	38
10	19	61
10	70	22
10	54	38
10	54	55
10	20	1
10	20	25
10	20	2
10	20	4
10	20	27
10	20	10
10	20	11
10	20	38
10	20	29
10	20	118
10	20	30
10	20	42
10	20	144
10	20	58
10	20	15
10	20	16
10	20	32
10	20	40
10	20	123
10	20	19
10	20	71
10	20	77
10	77	4
10	55	0
10	55	74
10	55	63
10	55	4
10	55	7
10	55	27
10	55	28
10	55	11
10	55	38
10	55	29
10	55	30
10	55	139
10	55	14
10	55	59
10	55	16
10	55	31
10	55	95
10	55	32
10	55	85
10	55	20
10	55	22
10	22	1
10	22	74
10	22	2
10	22	3
10	22	4
10	22	5
10	22	10
10	22	38
10	22	29
10	22	20
10	22	55
10	49	100
10	49	67
10	49	55
11	33	4
11	33	26
11	33	97
11	0	4
11	0	38
11	0	82
11	0	31
11	24	44
11	24	28
11	1	25
11	1	4
11	1	7
11	1	29
11	1	13
11	1	60
11	74	55
11	2	0
11	2	4
11	2	38
11	4	23
11	4	10
11	4	38
11	4	30
11	4	20
11	5	1
11	5	74
11	5	4
11	5	28
11	5	29
11	5	14
11	5	55
11	5	22
11	41	4
11	41	29
11	41	85
11	41	55
11	72	76
11	6	76
11	34	4
11	44	48
11	7	1
11	7	4
11	7	27
11	7	9
11	7	29
11	7	13
11	7	15
11	7	16
11	7	18
11	7	77
11	7	55
11	27	33
11	27	23
11	27	25
11	27	4
11	27	6
11	27	60
11	27	77
11	27	55
11	28	4
11	28	15
11	9	13
11	9	60
11	9	17
11	9	18
11	10	3
11	10	44
11	10	12
11	10	30
11	10	16
11	10	18
11	10	19
11	10	55
11	11	4
11	38	32
11	38	145
11	29	5
11	12	1
11	12	20
11	78	146
11	13	24
11	13	1
11	13	10
11	13	60
11	13	101
11	42	4
11	42	38
11	42	77
11	75	26
11	14	30
11	14	20
11	59	74
11	16	1
11	16	25
11	16	4
11	16	44
11	16	10
11	16	30
11	79	4
11	80	147
11	32	38
11	32	148
11	81	2
11	18	67
11	19	149
11	70	4
11	70	29
11	70	22
11	54	1
11	54	4
11	54	11
11	54	30
11	54	16
11	54	20
11	20	0
11	20	1
11	20	25
11	20	150
11	20	63
11	20	4
11	20	27
11	20	9
11	20	10
11	20	29
11	20	118
11	20	42
11	20	14
11	20	58
11	20	16
11	20	48
11	20	123
11	20	71
11	20	77
11	55	1
11	55	25
11	55	74
11	55	2
11	55	3
11	55	63
11	55	4
11	55	5
11	55	7
11	55	27
11	55	28
11	55	9
11	55	10
11	55	11
11	55	29
11	55	30
11	55	139
11	55	53
11	55	14
11	55	100
11	55	16
11	55	31
11	55	95
11	55	32
11	55	135
11	55	20
11	22	33
11	22	74
11	22	3
11	22	4
11	22	5
11	22	10
11	22	29
11	22	32
11	22	40
11	22	20
11	22	55
11	49	74
11	49	55
12	37	38
12	33	29
12	33	54
12	0	4
12	0	132
12	24	28
12	1	151
12	1	25
12	1	4
12	1	9
12	1	13
12	1	60
12	1	55
12	25	23
12	2	4
12	2	38
12	3	30
12	63	9
12	4	27
12	4	10
12	4	30
12	4	93
12	4	20
12	5	4
12	5	28
12	5	29
12	5	14
12	5	55
12	5	22
12	41	25
12	41	4
12	41	29
12	41	14
12	41	55
12	72	76
12	6	76
12	34	4
12	44	3
12	7	1
12	7	3
12	7	44
12	7	9
12	7	10
12	7	13
12	7	58
12	7	16
12	7	18
12	27	4
12	27	14
12	27	60
12	28	13
12	28	15
12	9	1
12	9	3
12	9	13
12	9	60
12	9	17
12	9	20
12	10	24
12	10	44
12	10	27
12	10	9
12	10	12
12	10	17
12	10	18
12	10	20
12	10	55
12	11	29
12	38	143
12	38	32
12	29	24
12	12	1
12	64	48
12	13	24
12	13	1
12	13	27
12	13	9
12	13	10
12	30	4
12	42	4
12	42	77
12	75	26
12	58	4
12	58	51
12	15	32
12	59	4
12	59	55
12	82	0
12	82	4
12	16	0
12	16	1
12	16	25
12	16	44
12	16	10
12	16	29
12	16	30
12	67	8
12	17	69
12	32	4
12	32	38
12	18	67
12	70	151
12	70	4
12	70	29
12	70	65
12	54	1
12	54	4
12	54	11
12	54	30
12	54	16
12	54	20
12	20	152
12	20	1
12	20	86
12	20	25
12	20	63
12	20	4
12	20	72
12	20	6
12	20	7
12	20	106
12	20	10
12	20	114
12	20	108
12	20	109
12	20	153
12	20	29
12	20	12
12	20	118
12	20	58
12	20	16
12	20	32
12	20	123
12	20	71
12	20	55
12	55	0
12	55	1
12	55	25
12	55	74
12	55	3
12	55	63
12	55	4
12	55	5
12	55	7
12	55	28
12	55	11
12	55	29
12	55	139
12	55	16
12	55	31
12	55	95
12	55	32
12	55	54
12	55	22
12	22	33
12	22	0
12	22	24
12	22	74
12	22	3
12	22	4
12	22	5
12	22	10
12	22	11
12	22	29
12	22	30
12	22	70
12	22	20
12	22	55
12	49	55
13	33	107
13	33	4
13	33	56
13	33	146
13	33	75
13	33	97
13	33	101
13	33	43
13	23	63
13	0	4
13	0	154
13	24	1
13	24	28
13	1	33
13	1	4
13	1	7
13	1	27
13	1	9
13	1	10
13	1	29
13	1	53
13	1	14
13	1	60
13	1	32
13	1	55
13	83	38
13	25	12
13	25	14
13	2	4
13	2	38
13	4	86
13	4	7
13	4	10
13	4	11
13	4	38
13	4	13
13	4	20
13	5	25
13	5	4
13	5	28
13	5	29
13	5	14
13	5	55
13	5	22
13	41	4
13	41	29
13	72	76
13	6	76
13	34	4
13	44	1
13	7	24
13	7	1
13	7	3
13	7	4
13	7	44
13	7	28
13	7	9
13	7	29
13	7	12
13	7	142
13	7	16
13	7	61
13	7	18
13	27	33
13	27	60
13	27	155
13	57	14
13	28	15
13	28	17
13	9	24
13	9	1
13	9	156
13	9	13
13	9	14
13	9	60
13	9	157
13	84	14
13	10	33
13	10	1
13	10	25
13	10	44
13	10	7
13	10	28
13	10	9
13	10	12
13	10	78
13	10	158
13	10	20
13	10	22
13	35	142
13	38	4
13	38	29
13	38	32
13	29	121
13	12	1
13	12	67
13	78	29
13	64	48
13	13	24
13	13	27
13	13	10
13	13	14
13	30	0
13	30	4
13	30	29
13	45	159
13	42	4
13	42	77
13	53	7
13	14	2
13	14	28
13	14	29
13	58	4
13	58	51
13	58	20
13	16	1
13	16	25
13	16	44
13	16	10
13	16	38
13	16	12
13	16	13
13	16	55
13	48	104
13	60	10
13	17	28
13	43	101
13	32	11
13	19	45
13	70	151
13	70	4
13	70	28
13	70	29
13	54	1
13	54	25
13	54	4
13	54	29
13	54	30
13	54	16
13	54	20
13	85	0
13	20	23
13	20	152
13	20	1
13	20	86
13	20	25
13	20	63
13	20	4
13	20	6
13	20	7
13	20	106
13	20	27
13	20	9
13	20	10
13	20	114
13	20	11
13	20	109
13	20	153
13	20	29
13	20	118
13	20	30
13	20	93
13	20	58
13	20	15
13	20	16
13	20	76
13	20	81
13	20	111
13	20	71
13	20	55
13	55	128
13	55	1
13	55	25
13	55	3
13	55	4
13	55	5
13	55	7
13	55	28
13	55	11
13	55	29
13	55	135
13	55	22
13	55	49
13	22	0
13	22	74
13	22	3
13	22	4
13	22	5
13	22	32
13	22	70
13	22	20
13	22	55
13	49	55
14	33	4
14	33	7
14	33	10
14	33	29
14	33	97
14	33	101
14	33	32
14	33	40
14	23	87
14	0	4
14	0	42
14	0	55
14	24	28
14	1	25
14	1	2
14	1	4
14	1	27
14	1	9
14	1	29
14	1	53
14	1	14
14	1	16
14	1	32
14	1	77
14	1	55
14	86	112
14	87	20
14	74	55
14	2	4
14	2	38
14	4	7
14	4	10
14	4	38
14	4	42
14	4	20
14	26	9
14	5	4
14	5	28
14	5	29
14	5	55
14	41	4
14	41	29
14	41	42
14	41	14
14	6	76
14	34	4
14	44	1
14	44	16
14	7	0
14	7	24
14	7	1
14	7	44
14	7	27
14	7	28
14	7	9
14	7	29
14	7	142
14	7	16
14	7	18
14	7	55
14	27	33
14	27	25
14	27	132
14	27	60
14	27	80
14	57	14
14	28	17
14	28	18
14	28	55
14	9	0
14	9	24
14	9	1
14	9	25
14	9	92
14	9	26
14	9	44
14	9	103
14	9	13
14	9	53
14	9	60
14	10	33
14	10	2
14	10	44
14	10	7
14	10	29
14	10	12
14	10	39
14	10	48
14	10	55
14	11	4
14	11	32
14	38	32
14	29	160
14	29	4
14	29	11
14	29	148
14	29	54
14	29	55
14	12	1
14	12	10
14	64	4
14	13	1
14	13	27
14	13	9
14	13	38
14	13	161
14	30	1
14	30	25
14	30	4
14	30	29
14	30	16
14	65	4
14	65	54
14	42	4
14	42	29
14	42	30
14	14	28
14	58	4
14	59	55
14	16	1
14	16	25
14	16	44
14	16	10
14	16	120
14	16	55
14	67	27
14	88	162
14	88	33
14	88	121
14	48	13
14	48	104
14	17	27
14	17	28
14	32	4
14	32	38
14	18	67
14	18	20
14	70	28
14	54	37
14	54	1
14	54	3
14	54	4
14	54	38
14	54	29
14	54	66
14	54	16
14	54	20
14	54	55
14	20	1
14	20	25
14	20	4
14	20	6
14	20	44
14	20	7
14	20	10
14	20	11
14	20	153
14	20	29
14	20	12
14	20	13
14	20	118
14	20	30
14	20	42
14	20	14
14	20	58
14	20	15
14	20	16
14	20	76
14	20	32
14	20	123
14	20	111
14	20	55
14	55	1
14	55	25
14	55	74
14	55	3
14	55	4
14	55	5
14	55	6
14	55	7
14	55	28
14	55	10
14	55	11
14	55	29
14	55	42
14	55	16
14	55	36
14	55	20
14	55	77
14	22	4
14	22	55
14	49	55
15	33	4
15	33	29
15	24	44
15	24	28
15	1	25
15	1	4
15	1	29
15	1	12
15	1	16
15	1	60
15	25	7
15	2	0
15	2	11
15	2	38
15	4	138
15	4	27
15	4	10
15	4	60
15	4	40
15	5	4
15	5	28
15	5	29
15	5	42
15	5	55
15	41	4
15	41	29
15	41	55
15	72	113
15	6	76
15	34	4
15	44	1
15	7	24
15	7	1
15	7	25
15	7	44
15	7	27
15	7	9
15	7	29
15	7	16
15	8	120
15	27	56
15	27	60
15	28	13
15	9	24
15	9	1
15	9	92
15	9	53
15	9	60
15	9	99
15	10	44
15	10	7
15	10	12
15	10	13
15	10	58
15	10	19
15	11	4
15	11	32
15	29	160
15	12	1
15	12	20
15	78	4
15	13	10
15	30	1
15	30	4
15	30	11
15	65	54
15	42	4
15	42	77
15	75	163
15	14	25
15	14	4
15	58	4
15	89	96
15	15	20
15	59	55
15	16	1
15	16	25
15	16	10
15	16	18
15	16	55
15	88	121
15	48	10
15	48	104
15	48	61
15	17	7
15	17	28
15	17	29
15	43	115
15	90	44
15	19	164
15	19	131
15	19	133
15	70	4
15	70	29
15	70	58
15	54	4
15	54	38
15	54	30
15	54	58
15	54	16
15	54	20
15	20	0
15	20	25
15	20	4
15	20	6
15	20	9
15	20	10
15	20	11
15	20	29
15	20	12
15	20	30
15	20	58
15	20	15
15	20	165
15	20	16
15	20	40
15	20	123
15	20	157
15	20	85
15	20	111
15	20	77
15	77	4
15	55	1
15	55	4
15	55	7
15	55	10
15	55	11
15	55	29
15	55	139
15	55	96
15	55	59
15	55	16
15	55	32
15	55	20
15	55	49
15	22	4
15	22	38
15	22	29
15	22	42
15	22	55
15	49	55
16	33	121
16	33	97
16	33	101
16	0	166
16	0	43
16	24	7
16	24	28
16	1	4
16	1	7
16	1	28
16	1	10
16	1	53
16	1	60
16	25	7
16	74	55
16	2	0
16	2	4
16	2	11
16	2	77
16	3	15
16	3	62
16	4	56
16	4	27
16	4	10
16	4	11
16	4	58
16	4	16
16	4	20
16	4	55
16	5	25
16	5	4
16	5	28
16	5	29
16	5	14
16	5	55
16	41	4
16	41	29
16	41	14
16	72	37
16	34	4
16	44	90
16	7	24
16	7	1
16	7	4
16	7	44
16	7	9
16	7	10
16	7	167
16	7	16
16	27	56
16	27	60
16	28	24
16	9	1
16	9	25
16	9	26
16	9	13
16	9	53
16	9	60
16	10	1
16	10	107
16	10	44
16	10	7
16	10	132
16	10	29
16	10	12
16	10	13
16	10	43
16	10	19
16	11	4
16	11	32
16	91	61
16	29	96
16	29	54
16	12	1
16	12	10
16	78	4
16	13	4
16	13	10
16	13	115
16	30	4
16	30	11
16	65	54
16	42	77
16	14	4
16	58	4
16	58	113
16	58	51
16	59	3
16	16	7
16	16	13
16	16	18
16	88	4
16	88	166
16	88	121
16	48	7
16	48	10
16	48	104
16	61	13
16	17	7
16	17	28
16	19	129
16	70	14
16	70	58
16	54	4
16	54	38
16	54	29
16	54	16
16	20	0
16	20	1
16	20	25
16	20	150
16	20	3
16	20	4
16	20	72
16	20	6
16	20	7
16	20	27
16	20	10
16	20	29
16	20	12
16	20	58
16	20	15
16	20	16
16	20	88
16	20	32
16	20	123
16	20	19
16	20	111
16	20	77
16	20	55
16	55	1
16	55	74
16	55	4
16	55	5
16	55	7
16	55	10
16	55	11
16	55	29
16	55	30
16	55	139
16	55	53
16	55	96
16	55	59
16	55	16
16	55	70
16	55	20
16	55	77
16	55	22
16	55	49
16	22	0
16	22	24
16	22	1
16	22	2
16	22	3
16	22	4
16	22	10
16	22	29
16	22	30
16	22	14
16	22	59
16	22	16
16	22	97
16	22	36
16	22	17
16	22	20
16	22	55
17	33	97
17	33	70
17	0	29
17	0	42
17	0	31
17	24	1
17	24	7
17	24	28
17	24	9
17	1	4
17	1	28
17	1	84
17	1	12
17	1	13
17	1	53
17	1	16
17	2	4
17	3	15
17	4	3
17	4	7
17	4	56
17	4	27
17	4	10
17	4	11
17	4	29
17	4	42
17	4	58
17	4	15
17	4	16
17	4	31
17	4	60
17	4	55
17	92	29
17	26	4
17	26	20
17	5	1
17	5	4
17	5	29
17	5	85
17	5	55
17	41	4
17	41	29
17	41	42
17	41	14
17	34	4
17	7	1
17	7	4
17	7	27
17	7	28
17	7	9
17	7	35
17	7	29
17	7	16
17	27	1
17	27	25
17	27	60
17	27	55
17	57	17
17	28	58
17	9	1
17	9	27
17	9	38
17	9	53
17	9	14
17	9	60
17	9	55
17	10	1
17	10	44
17	10	7
17	10	9
17	10	12
17	10	13
17	10	58
17	10	16
17	10	97
17	10	60
17	10	20
17	10	55
17	11	4
17	11	32
17	38	29
17	29	160
17	29	4
17	29	13
17	29	70
17	29	55
17	12	1
17	78	29
17	64	12
17	13	10
17	13	42
17	30	4
17	30	11
17	65	54
17	42	4
17	93	107
17	53	24
17	58	51
17	58	16
17	47	49
17	59	55
17	16	1
17	16	2
17	16	44
17	16	9
17	16	10
17	16	20
17	31	168
17	88	166
17	88	121
17	88	79
17	76	113
17	39	136
17	48	7
17	48	10
17	17	7
17	17	28
17	17	55
17	90	44
17	18	13
17	40	4
17	19	9
17	70	4
17	70	29
17	20	1
17	20	87
17	20	25
17	20	3
17	20	4
17	20	6
17	20	7
17	20	27
17	20	10
17	20	29
17	20	13
17	20	118
17	20	58
17	20	15
17	20	55
17	55	74
17	55	4
17	55	5
17	55	7
17	55	27
17	55	9
17	55	10
17	55	13
17	55	30
17	55	53
17	55	100
17	55	20
17	55	22
17	55	49
17	22	33
17	22	0
17	22	1
17	22	3
17	22	4
17	22	28
17	22	10
17	22	11
17	22	29
17	22	59
17	22	16
17	22	36
17	22	20
17	22	55
17	49	100
17	49	20
17	49	55
18	33	97
18	23	87
18	0	130
18	0	29
18	0	42
18	24	7
18	24	28
18	1	4
18	1	28
18	1	9
18	1	10
18	1	11
18	94	45
18	25	1
18	25	29
18	2	4
18	2	7
18	63	16
18	4	86
18	4	87
18	4	51
18	4	38
18	4	42
18	4	16
18	4	60
18	5	4
18	5	29
18	5	42
18	41	29
18	41	42
18	34	4
18	7	1
18	7	9
18	7	16
18	7	77
18	7	55
18	27	34
18	27	9
18	27	13
18	27	30
18	27	111
18	27	20
18	27	71
18	28	12
18	9	1
18	9	3
18	9	7
18	9	27
18	9	10
18	9	53
18	9	60
18	10	1
18	10	4
18	10	169
18	10	44
18	10	7
18	10	27
18	10	9
18	10	12
18	10	13
18	10	42
18	10	43
18	10	20
18	11	4
18	11	32
18	91	61
18	29	4
18	29	54
18	12	1
18	12	10
18	13	44
18	13	10
18	13	91
18	30	3
18	30	4
18	30	11
18	30	42
18	30	20
18	65	54
18	58	148
18	15	29
18	59	55
18	16	25
18	16	20
18	88	4
18	88	166
18	76	123
18	95	4
18	39	28
18	48	10
18	17	28
18	17	45
18	90	44
18	40	4
18	40	10
18	40	11
18	40	30
18	40	54
18	19	9
18	19	133
18	19	64
18	70	29
18	70	16
18	20	152
18	20	1
18	20	87
18	20	25
18	20	3
18	20	6
18	20	7
18	20	27
18	20	11
18	20	58
18	20	15
18	20	16
18	77	4
18	55	25
18	55	3
18	55	4
18	55	5
18	55	7
18	55	9
18	55	10
18	55	29
18	55	13
18	55	30
18	55	42
18	55	139
18	55	53
18	55	89
18	55	59
18	55	16
18	55	101
18	55	18
18	55	135
18	55	20
18	55	55
18	55	22
18	55	49
18	22	1
18	22	2
18	22	3
18	22	4
18	22	10
18	22	11
18	22	29
18	22	16
18	22	20
18	22	55
18	49	55
19	33	97
19	33	101
19	33	79
19	33	70
19	0	4
19	0	55
19	24	3
19	24	7
19	24	28
19	1	25
19	1	4
19	1	27
19	1	28
19	1	10
19	1	13
19	1	53
19	1	46
19	25	4
19	25	20
19	2	23
19	2	9
19	2	15
19	4	44
19	4	9
19	4	38
19	4	16
19	4	170
19	5	4
19	5	28
19	5	30
19	41	42
19	34	4
19	7	33
19	7	25
19	7	9
19	7	16
19	7	60
19	27	3
19	27	14
19	9	0
19	9	25
19	9	7
19	9	10
19	9	64
19	9	42
19	9	53
19	9	60
19	9	17
19	9	19
19	9	20
19	10	33
19	10	1
19	10	143
19	10	169
19	10	44
19	10	7
19	10	27
19	10	9
19	10	35
19	10	12
19	10	13
19	10	65
19	10	90
19	10	20
19	11	27
19	38	4
19	29	121
19	29	89
19	29	171
19	29	55
19	12	10
19	78	4
19	64	20
19	13	131
19	13	10
19	30	9
19	30	42
19	42	30
19	42	40
19	96	55
19	58	4
19	59	55
19	16	25
19	16	3
19	16	13
19	16	20
19	97	4
19	97	29
19	48	10
19	17	28
19	90	44
19	98	140
19	98	161
19	18	16
19	18	55
19	99	29
19	40	4
19	40	10
19	40	11
19	40	30
19	40	54
19	19	64
19	19	112
19	19	61
19	19	79
19	70	7
19	70	11
19	54	140
19	20	33
19	20	0
19	20	1
19	20	87
19	20	3
19	20	4
19	20	7
19	20	132
19	20	51
19	20	96
19	20	58
19	20	15
19	20	16
19	20	48
19	20	32
19	20	55
19	55	1
19	55	25
19	55	74
19	55	4
19	55	5
19	55	59
19	55	16
19	55	135
19	55	20
19	55	55
19	22	4
19	22	55
19	49	55
20	33	93
20	33	101
20	33	43
20	0	29
20	0	31
20	24	28
20	1	4
20	1	7
20	1	9
20	1	10
20	1	30
20	1	42
20	1	53
20	25	87
20	25	30
20	2	4
20	2	7
20	2	28
20	3	7
20	4	3
20	4	10
20	4	110
20	4	16
20	5	4
20	5	55
20	41	42
20	34	4
20	44	90
20	7	1
20	7	9
20	7	16
20	7	61
20	8	67
20	27	72
20	27	67
20	28	7
20	9	156
20	9	2
20	9	4
20	9	6
20	9	10
20	9	13
20	9	42
20	9	53
20	9	60
20	9	40
20	9	19
20	10	33
20	10	1
20	10	169
20	10	44
20	10	7
20	10	27
20	10	9
20	10	12
20	10	13
20	10	65
20	10	172
20	10	90
20	10	173
20	10	19
20	10	55
20	11	32
20	29	16
20	29	171
20	29	55
20	12	10
20	13	24
20	13	7
20	13	10
20	13	29
20	30	33
20	30	4
20	30	20
20	42	40
20	96	55
20	58	113
20	100	70
20	82	0
20	82	30
20	16	1
20	16	27
20	16	91
20	16	29
20	16	64
20	76	51
20	48	7
20	48	10
20	101	93
20	17	28
20	32	15
20	90	44
20	18	48
20	18	55
20	40	110
20	70	4
20	54	16
20	20	0
20	20	1
20	20	83
20	20	25
20	20	3
20	20	63
20	20	4
20	20	72
20	20	6
20	20	7
20	20	106
20	20	28
20	20	84
20	20	51
20	20	42
20	20	15
20	20	16
20	20	111
20	20	55
20	55	1
20	55	4
20	55	5
20	55	42
20	55	96
20	55	135
20	55	40
20	55	20
20	22	4
20	22	42
21	33	128
21	33	30
21	0	29
21	24	28
21	1	4
21	1	10
21	1	11
21	1	53
21	1	16
21	1	39
21	2	27
21	2	10
21	2	11
21	2	42
21	2	76
21	3	1
21	3	67
21	4	0
21	4	7
21	4	131
21	4	11
21	4	110
21	4	15
21	5	33
21	5	4
21	5	29
21	5	174
21	5	53
21	5	70
21	5	20
21	5	55
21	5	22
21	41	4
21	41	29
21	41	42
21	7	1
21	7	9
21	7	35
21	7	29
21	7	13
21	27	167
21	9	33
21	9	2
21	9	13
21	9	60
21	9	32
21	9	19
21	9	77
21	10	33
21	10	1
21	10	74
21	10	4
21	10	44
21	10	7
21	10	27
21	10	121
21	10	9
21	10	12
21	10	13
21	10	65
21	10	53
21	10	47
21	10	15
21	10	16
21	10	90
21	10	20
21	11	4
21	29	73
21	29	16
21	29	22
21	12	10
21	13	24
21	13	131
21	13	9
21	30	14
21	30	15
21	30	20
21	96	55
21	16	1
21	16	25
21	16	44
21	16	27
21	16	67
21	88	79
21	39	3
21	48	44
21	48	7
21	48	10
21	62	112
21	32	7
21	90	44
21	18	3
21	18	55
21	40	30
21	40	60
21	19	56
21	19	64
21	19	40
21	70	4
21	20	152
21	20	1
21	20	87
21	20	63
21	20	4
21	20	7
21	20	27
21	20	9
21	20	10
21	20	118
21	20	15
21	20	31
21	20	123
21	20	55
21	55	1
21	55	74
21	55	5
21	55	9
21	55	139
21	55	100
21	55	20
21	22	4
22	33	89
22	33	101
22	0	7
22	0	82
22	24	28
22	24	16
22	1	156
22	1	25
22	1	4
22	1	10
22	1	42
22	1	53
22	1	16
22	1	67
22	1	39
22	1	55
22	86	7
22	25	16
22	2	4
22	2	30
22	2	42
22	3	29
22	3	67
22	4	24
22	4	9
22	4	51
22	4	110
22	4	31
22	4	20
22	5	3
22	5	4
22	5	29
22	5	55
22	5	22
22	41	4
22	44	16
22	7	1
22	7	3
22	7	9
22	27	56
22	27	16
22	28	16
22	9	33
22	9	2
22	9	16
22	10	33
22	10	1
22	10	143
22	10	169
22	10	44
22	10	7
22	10	27
22	10	9
22	10	12
22	10	78
22	10	13
22	10	65
22	10	115
22	10	16
22	10	18
22	11	15
22	91	16
22	29	10
22	29	148
22	29	16
22	29	22
22	12	10
22	12	16
22	13	24
22	30	28
22	30	42
22	30	20
22	30	55
22	42	44
22	42	38
22	42	15
22	96	0
22	96	55
22	82	0
22	16	1
22	16	25
22	16	4
22	16	44
22	16	27
22	16	19
22	88	1
22	48	10
22	48	16
22	60	16
22	32	38
22	90	44
22	90	16
22	98	16
22	18	3
22	18	4
22	18	30
22	40	4
22	19	129
22	19	70
22	70	4
22	70	10
22	70	16
22	20	83
22	20	25
22	20	3
22	20	4
22	20	7
22	20	132
22	20	38
22	20	42
22	20	96
22	20	15
22	20	16
22	55	1
22	55	74
22	55	4
22	55	5
22	55	27
22	55	11
22	55	32
22	22	4
22	22	14
22	22	55
23	102	4
23	33	97
23	0	27
23	0	42
23	0	40
23	24	28
23	24	16
23	1	25
23	1	4
23	1	11
23	1	29
23	1	53
23	1	14
23	1	16
23	1	40
23	1	20
23	86	59
23	25	1
23	25	4
23	25	11
23	2	42
23	2	20
23	3	9
23	4	1
23	4	63
23	4	42
23	4	48
23	4	20
23	5	33
23	5	3
23	5	4
23	5	11
23	5	42
23	5	53
23	5	14
23	5	55
23	5	22
23	72	28
23	44	16
23	44	61
23	7	1
23	7	6
23	7	9
23	7	13
23	7	16
23	27	3
23	27	72
23	27	9
23	27	13
23	27	16
23	27	71
23	28	0
23	28	27
23	9	16
23	9	61
23	9	20
23	10	169
23	10	44
23	10	7
23	10	27
23	10	121
23	10	9
23	10	91
23	10	29
23	10	12
23	10	13
23	10	65
23	10	16
23	10	90
23	10	20
23	10	49
23	103	16
23	91	16
23	29	25
23	29	4
23	29	6
23	29	7
23	29	10
23	29	93
23	29	148
23	29	16
23	29	22
23	12	10
23	12	16
23	64	44
23	13	75
23	13	16
23	13	60
23	30	20
23	42	4
23	42	29
23	42	55
23	104	16
23	46	16
23	82	0
23	73	4
23	16	1
23	16	25
23	16	27
23	16	28
23	16	9
23	16	39
23	16	18
23	16	19
23	67	10
23	67	20
23	31	38
23	31	168
23	88	7
23	48	10
23	48	16
23	60	128
23	60	16
23	101	146
23	61	16
23	17	14
23	62	44
23	90	16
23	98	16
23	40	4
23	40	11
23	40	42
23	40	110
23	40	16
23	70	4
23	70	9
23	70	10
23	70	14
23	70	16
23	54	19
23	20	1
23	20	25
23	20	3
23	20	7
23	20	8
23	20	27
23	20	10
23	20	51
23	20	13
23	20	30
23	20	15
23	20	116
23	20	16
23	20	39
23	20	55
23	55	1
23	55	4
23	55	5
23	55	30
23	55	42
23	55	14
23	55	59
23	55	16
23	55	18
23	55	55
23	55	22
23	55	49
23	22	3
23	22	4
23	22	30
23	22	43
23	22	55
24	33	78
24	23	63
24	23	51
24	0	4
24	0	7
24	0	15
24	0	31
24	0	20
24	24	28
24	1	25
24	1	4
24	1	27
24	1	64
24	1	30
24	1	53
24	1	77
24	1	55
24	25	11
24	25	42
24	3	10
24	4	1
24	4	27
24	4	11
24	4	42
24	4	31
24	4	32
24	5	33
24	5	4
24	5	42
24	5	14
24	5	70
24	5	55
24	5	22
24	41	14
24	44	61
24	7	1
24	7	6
24	7	27
24	7	28
24	7	9
24	7	29
24	7	31
24	7	60
24	7	61
24	27	25
24	27	63
24	27	72
24	27	67
24	28	0
24	9	27
24	9	61
24	9	157
24	9	20
24	10	25
24	10	4
24	10	44
24	10	7
24	10	27
24	10	9
24	10	132
24	10	91
24	10	29
24	10	12
24	10	13
24	10	42
24	10	115
24	10	48
24	10	60
24	10	61
24	10	90
24	10	173
24	10	19
24	10	20
24	10	55
24	11	42
24	38	145
24	29	7
24	29	121
24	29	78
24	12	10
24	12	67
24	64	44
24	13	27
24	13	157
24	30	4
24	30	14
24	30	16
24	42	4
24	42	7
24	42	11
24	42	38
24	42	77
24	53	1
24	14	27
24	96	1
24	58	27
24	73	4
24	16	33
24	16	1
24	16	27
24	16	18
24	88	162
24	48	10
24	17	94
24	32	144
24	40	11
24	40	42
24	40	110
24	40	32
24	85	12
24	20	1
24	20	175
24	20	25
24	20	150
24	20	4
24	20	27
24	20	10
24	20	11
24	20	38
24	20	29
24	20	30
24	20	96
24	20	110
24	20	15
24	20	16
24	20	43
24	20	32
24	20	77
24	77	42
24	55	4
24	55	5
24	55	11
24	55	59
24	55	22
24	22	0
24	22	2
24	22	4
24	22	42
24	22	14
24	22	59
24	22	20
25	33	78
25	33	97
25	0	4
25	0	15
25	0	136
25	24	28
25	24	91
25	1	25
25	1	64
25	1	53
25	25	11
25	2	29
25	4	86
25	4	57
25	4	13
25	4	42
25	4	15
25	4	81
25	4	20
25	92	29
25	5	33
25	5	4
25	5	42
25	5	14
25	5	55
25	7	24
25	7	1
25	7	3
25	7	44
25	7	9
25	7	78
25	7	48
25	7	61
25	7	20
25	8	2
25	27	72
25	27	131
25	27	38
25	27	19
25	28	0
25	28	42
25	9	27
25	9	20
25	9	55
25	10	25
25	10	150
25	10	3
25	10	4
25	10	44
25	10	7
25	10	27
25	10	9
25	10	38
25	10	29
25	10	12
25	10	13
25	10	48
25	10	61
25	10	17
25	10	161
25	10	18
25	10	20
25	11	39
25	38	39
25	29	78
25	29	66
25	29	171
25	29	70
25	12	10
25	78	170
25	64	9
25	13	10
25	13	157
25	30	4
25	30	38
25	30	14
25	65	54
25	42	11
25	42	20
25	75	128
25	14	27
25	14	176
25	14	19
25	105	4
25	15	4
25	16	1
25	16	25
25	16	27
25	48	10
25	17	3
25	17	19
25	40	38
25	40	42
25	40	54
25	19	7
25	19	101
25	19	129
25	20	1
25	20	87
25	20	25
25	20	7
25	20	27
25	20	42
25	20	39
25	20	32
25	20	81
25	20	123
25	20	77
25	55	0
25	55	25
25	55	4
25	55	42
25	55	59
25	55	20
25	22	4
25	22	11
25	22	42
25	22	55
26	23	51
26	0	4
26	0	28
26	0	15
26	0	31
26	24	28
26	24	91
26	4	7
26	4	11
26	4	42
26	4	20
26	4	55
26	5	33
26	5	4
26	5	14
26	5	55
26	7	9
26	7	10
26	7	103
26	7	39
26	7	48
26	7	20
26	7	55
26	106	150
26	56	54
26	27	72
26	27	177
26	28	2
26	28	20
26	9	1
26	9	20
26	9	55
26	10	1
26	10	143
26	10	3
26	10	4
26	10	169
26	10	44
26	10	7
26	10	27
26	10	29
26	10	12
26	10	13
26	10	16
26	10	161
26	10	90
26	10	20
26	10	55
26	11	4
26	29	33
26	29	73
26	29	54
26	12	10
26	78	162
26	64	7
26	64	178
26	30	15
26	65	54
26	42	55
26	14	27
26	15	12
26	59	10
26	16	1
26	16	3
26	16	27
26	48	27
26	48	10
26	17	19
26	32	38
26	90	4
26	90	44
26	40	2
26	40	11
26	19	14
26	19	101
26	20	24
26	20	1
26	20	150
26	20	7
26	20	38
26	20	29
26	20	42
26	20	95
26	20	48
26	20	43
26	20	32
26	20	77
26	55	4
26	55	20
26	22	4
26	22	55
27	0	15
27	24	28
27	24	91
27	1	15
27	1	19
27	86	24
27	107	97
27	2	19
27	63	16
27	4	3
27	4	63
27	4	27
27	4	10
27	4	11
27	4	16
27	4	61
27	4	43
27	4	20
27	5	33
27	5	4
27	5	84
27	5	30
27	5	17
27	44	24
27	7	24
27	7	3
27	7	28
27	7	9
27	7	13
27	7	97
27	7	20
27	8	24
27	27	60
27	28	0
27	28	17
27	28	81
27	28	19
27	9	3
27	9	42
27	9	53
27	9	15
27	9	20
27	10	0
27	10	25
27	10	143
27	10	4
27	10	44
27	10	7
27	10	9
27	10	29
27	10	12
27	10	13
27	10	16
27	10	161
27	10	90
27	10	19
27	10	85
27	10	20
27	108	27
27	103	24
27	91	24
27	29	33
27	29	16
27	13	24
27	13	27
27	13	9
27	13	16
27	30	15
27	42	63
27	42	16
27	42	43
27	42	55
27	53	24
27	14	27
27	14	17
27	58	16
27	73	4
27	73	11
27	16	24
27	16	1
27	16	7
27	16	27
27	16	98
27	67	8
27	97	78
27	95	63
27	95	16
27	39	4
27	48	12
27	60	9
27	60	16
27	61	24
27	17	19
27	90	24
27	90	44
27	90	13
27	40	11
27	19	7
27	70	4
27	54	56
27	20	7
27	20	27
27	20	10
27	20	35
27	20	42
27	20	16
27	20	43
27	55	4
27	55	5
27	55	16
27	22	4
27	22	42
27	22	55
28	23	51
28	0	63
28	0	15
28	24	28
28	24	16
28	1	3
28	1	4
28	1	7
28	1	27
28	1	15
28	1	16
28	1	48
28	1	32
28	86	16
28	2	10
28	2	15
28	2	20
28	3	7
28	3	19
28	63	16
28	4	2
28	4	3
28	4	63
28	4	7
28	4	28
28	4	9
28	4	10
28	4	38
28	4	29
28	4	30
28	4	42
28	4	89
28	4	15
28	4	16
28	4	88
28	4	61
28	4	81
28	4	18
28	4	19
28	4	20
28	4	77
28	26	4
28	5	4
28	5	42
28	5	14
28	5	16
28	5	22
28	72	63
28	44	16
28	7	24
28	7	1
28	7	4
28	7	28
28	7	9
28	7	42
28	7	16
28	7	31
28	7	19
28	7	20
28	8	16
28	56	42
28	27	75
28	27	16
28	27	55
28	28	2
28	28	14
28	28	16
28	9	1
28	9	4
28	9	7
28	9	27
28	9	42
28	9	16
28	10	1
28	10	4
28	10	44
28	10	7
28	10	27
28	10	9
28	10	38
28	10	29
28	10	12
28	10	13
28	10	42
28	10	16
28	10	161
28	10	90
28	10	19
28	10	55
28	35	16
28	51	81
28	11	16
28	103	16
28	91	16
28	29	7
28	29	16
28	12	16
28	13	9
28	13	16
28	13	19
28	30	9
28	30	53
28	30	15
28	30	16
28	42	15
28	42	16
28	42	55
28	104	16
28	46	33
28	14	4
28	14	27
28	14	17
28	58	51
28	15	4
28	16	24
28	16	1
28	16	86
28	16	107
28	16	169
28	16	44
28	16	7
28	16	8
28	16	27
28	16	57
28	16	28
28	16	9
28	16	10
28	16	35
28	16	103
28	16	91
28	16	12
28	16	13
28	16	42
28	16	93
28	16	104
28	16	53
28	16	46
28	16	115
28	16	48
28	16	60
28	16	61
28	16	90
28	16	98
28	16	18
28	31	15
28	39	16
28	48	16
28	60	16
28	61	16
28	17	20
28	32	4
28	90	44
28	90	16
28	98	16
28	18	8
28	18	28
28	18	13
28	18	16
28	40	4
28	19	9
28	19	179
28	19	15
28	19	16
28	70	4
28	70	32
28	85	44
28	20	7
28	20	42
28	20	15
28	20	16
28	20	55
28	55	23
28	55	4
28	55	5
28	55	27
28	55	139
28	55	16
28	55	19
28	55	55
28	22	1
28	22	4
28	22	10
28	22	11
28	22	16
28	22	55
29	23	51
29	0	9
29	0	15
29	0	31
29	24	28
29	1	7
29	1	13
29	1	15
29	1	48
29	74	55
29	3	7
29	4	25
29	4	27
29	4	91
29	4	29
29	4	15
29	4	16
29	4	32
29	4	19
29	4	20
29	26	4
29	5	4
29	5	14
29	5	48
29	5	55
29	44	16
29	44	90
29	7	1
29	7	27
29	7	28
29	7	9
29	7	13
29	7	60
29	7	20
29	27	10
29	27	167
29	9	1
29	9	3
29	9	7
29	9	10
29	9	91
29	9	14
29	10	4
29	10	44
29	10	7
29	10	38
29	10	29
29	10	12
29	10	13
29	10	16
29	10	61
29	10	161
29	10	90
29	10	19
29	10	20
29	109	16
29	29	7
29	29	27
29	29	89
29	29	16
29	29	19
29	12	10
29	13	9
29	13	16
29	13	60
29	13	61
29	13	18
29	30	15
29	30	31
29	52	9
29	42	16
29	42	55
29	53	9
29	14	27
29	96	7
29	58	51
29	58	15
29	110	4
29	15	4
29	15	29
29	15	42
29	15	32
29	15	77
29	59	55
29	73	48
29	16	24
29	16	1
29	16	86
29	16	3
29	16	169
29	16	44
29	16	7
29	16	8
29	16	27
29	16	57
29	16	28
29	16	9
29	16	10
29	16	35
29	16	103
29	16	91
29	16	12
29	16	13
29	16	104
29	16	53
29	16	46
29	16	115
29	16	48
29	16	60
29	16	61
29	16	90
29	16	98
29	16	18
29	31	0
29	48	104
29	60	16
29	17	7
29	17	45
29	32	29
29	32	15
29	90	44
29	18	8
29	18	13
29	19	13
29	19	55
29	70	4
29	70	16
29	111	7
29	20	4
29	20	72
29	20	44
29	20	7
29	20	10
29	20	12
29	20	15
29	20	73
29	20	16
29	20	32
29	77	120
29	55	4
29	55	5
29	55	100
29	55	47
29	55	16
29	55	22
29	22	7
29	22	89
29	22	55